-5.000000    0.000000
-4.950000    0.000000
-4.900000    0.000000
-4.850000    0.000000
-4.800000    0.000000
-4.750000    0.000000
-4.700000    0.000000
-4.650000    0.000000
-4.600000    0.000000
-4.550000    0.000000
-4.500000    0.000000
-4.450000    0.000000
-4.400000    0.000000
-4.350000    0.000000
-4.300000    0.000000
-4.250000    0.000000
-4.200000    0.000000
-4.150000    0.000000
-4.100000    0.000000
-4.050000    0.000001
-4.000000    0.000001
-3.950000    0.000001
-3.900000    0.000002
-3.850000    0.000003
-3.800000    0.000005
-3.750000    0.000007
-3.700000    0.000011
-3.650000    0.000016
-3.600000    0.000024
-3.550000    0.000035
-3.500000    0.000051
-3.450000    0.000073
-3.400000    0.000105
-3.350000    0.000149
-3.300000    0.000210
-3.250000    0.000294
-3.200000    0.000408
-3.150000    0.000563
-3.100000    0.000772
-3.050000    0.001052
-3.000000    0.001423
-2.950000    0.001911
-2.900000    0.002550
-2.850000    0.003380
-2.800000    0.004450
-2.750000    0.005817
-2.700000    0.007554
-2.650000    0.009743
-2.600000    0.012481
-2.550000    0.015879
-2.500000    0.020067
-2.450000    0.025186
-2.400000    0.031397
-2.350000    0.038875
-2.300000    0.047807
-2.250000    0.058393
-2.200000    0.070839
-2.150000    0.085356
-2.100000    0.102151
-2.050000    0.121422
-2.000000    0.143351
-1.950000    0.168094
-1.900000    0.195772
-1.850000    0.226465
-1.800000    0.260197
-1.750000    0.296932
-1.700000    0.336562
-1.650000    0.378906
-1.600000    0.423700
-1.550000    0.470596
-1.500000    0.519167
-1.450000    0.568905
-1.400000    0.619233
-1.350000    0.669512
-1.300000    0.719058
-1.250000    0.767156
-1.200000    0.813085
-1.150000    0.856132
-1.100000    0.895621
-1.050000    0.930934
-1.000000    0.961533
-0.950000    0.986983
-0.900000    1.006969
-0.850000    1.021309
-0.800000    1.029969
-0.750000    1.033067
-0.700000    1.030870
-0.650000    1.023795
-0.600000    1.012393
-0.550000    0.997337
-0.500000    0.979398
-0.450000    0.959426
-0.400000    0.938313
-0.350000    0.916973
-0.300000    0.896305
-0.250000    0.877163
-0.200000    0.860328
-0.150000    0.846480
-0.100000    0.836175
-0.050000    0.829823
-0.000000    0.827677
0.050000    0.829823
0.100000    0.836175
0.150000    0.846480
0.200000    0.860328
0.250000    0.877163
0.300000    0.896305
0.350000    0.916973
0.400000    0.938313
0.450000    0.959426
0.500000    0.979398
0.550000    0.997337
0.600000    1.012393
0.650000    1.023795
0.700000    1.030870
0.750000    1.033067
0.800000    1.029969
0.850000    1.021309
0.900000    1.006969
0.950000    0.986983
1.000000    0.961533
1.050000    0.930934
1.100000    0.895621
1.150000    0.856132
1.200000    0.813085
1.250000    0.767156
1.300000    0.719058
1.350000    0.669512
1.400000    0.619233
1.450000    0.568905
1.500000    0.519167
1.550000    0.470596
1.600000    0.423700
1.650000    0.378906
1.700000    0.336562
1.750000    0.296932
1.800000    0.260197
1.850000    0.226465
1.900000    0.195772
1.950000    0.168094
2.000000    0.143351
2.050000    0.121422
2.100000    0.102151
2.150000    0.085356
2.200000    0.070839
2.250000    0.058393
2.300000    0.047807
2.350000    0.038875
2.400000    0.031397
2.450000    0.025186
2.500000    0.020067
2.550000    0.015879
2.600000    0.012481
2.650000    0.009743
2.700000    0.007554
2.750000    0.005817
2.800000    0.004450
2.850000    0.003380
2.900000    0.002550
2.950000    0.001911
3.000000    0.001423
3.050000    0.001052
3.100000    0.000772
3.150000    0.000563
3.200000    0.000408
3.250000    0.000294
3.300000    0.000210
3.350000    0.000149
3.400000    0.000105
3.450000    0.000073
3.500000    0.000051
3.550000    0.000035
3.600000    0.000024
3.650000    0.000016
3.700000    0.000011
3.750000    0.000007
3.800000    0.000005
3.850000    0.000003
3.900000    0.000002
3.950000    0.000001
4.000000    0.000001
4.050000    0.000001
4.100000    0.000000
4.150000    0.000000
4.200000    0.000000
4.250000    0.000000
4.300000    0.000000
4.350000    0.000000
4.400000    0.000000
4.450000    0.000000
4.500000    0.000000
4.550000    0.000000
4.600000    0.000000
4.650000    0.000000
4.700000    0.000000
4.750000    0.000000
4.800000    0.000000
4.850000    0.000000
4.900000    0.000000
4.950000    0.000000
5.000000    0.000000
