0 0 -nan
1 1 0
2 1.41864 0.00330076
3 1.74167 0.00615718
4 2.01322 0.00712246
5 2.25429 0.00815087
6 2.4666 0.00883277
7 2.66114 0.0100215
8 2.85107 0.0111386
9 3.02125 0.0115057
10 3.18165 0.0130695
11 3.33911 0.0142386
12 3.48539 0.0140245
13 3.62942 0.0143275
14 3.75537 0.0149975
15 3.89053 0.0160745
16 4.01308 0.0164631
17 4.13928 0.01763
18 4.26902 0.0184905
19 4.38088 0.0188765
20 4.48816 0.0186694
21 4.60089 0.0188266
22 4.71798 0.0191058
23 4.81871 0.0199923
24 4.91149 0.021292
25 5.00076 0.020228
26 5.09453 0.02082
27 5.19215 0.0210954
28 5.28751 0.0216214
29 5.37962 0.0216912
30 5.46658 0.0220807
31 5.56861 0.022543
32 5.65416 0.0234024
33 5.74194 0.0235835
34 5.83153 0.024289
35 5.91249 0.0247796
36 5.99511 0.0258649
37 6.07428 0.0257827
38 6.14988 0.026597
39 6.23574 0.0264426
40 6.32241 0.0267976
41 6.40207 0.0264543
42 6.47471 0.0265778
43 6.55578 0.0265605
44 6.61554 0.0259706
45 6.68064 0.0263956
46 6.76049 0.0271003
47 6.82702 0.0269304
48 6.8968 0.0271367
49 6.96417 0.0275087
50 7.03522 0.0288938
51 7.10377 0.0280909
52 7.1755 0.0281046
53 7.24162 0.027775
54 7.30814 0.0283368
55 7.37205 0.0289716
56 7.45071 0.0293151
57 7.51881 0.0292528
58 7.57959 0.0288385
59 7.65062 0.030045
60 7.70574 0.0317828
61 7.77211 0.0323894
62 7.84304 0.0326819
63 7.90831 0.0330669
64 7.97465 0.0324685
65 8.04772 0.0325571
66 8.10297 0.0332375
67 8.15645 0.0327807
68 8.21722 0.032481
69 8.27648 0.0325251
70 8.3318 0.0325619
71 8.39572 0.0324152
72 8.45145 0.0320803
73 8.5111 0.031984
74 8.57183 0.032263
75 8.6381 0.0323902
76 8.70262 0.0336984
77 8.75633 0.0335652
78 8.8115 0.0339033
79 8.86881 0.0340472
80 8.91291 0.0339663
81 8.97911 0.0344065
82 9.03862 0.034193
83 9.08499 0.0340781
84 9.13286 0.03406
85 9.17621 0.0333024
86 9.23165 0.0333898
87 9.28975 0.0337131
88 9.34265 0.034073
89 9.39352 0.03405
90 9.44936 0.0351875
91 9.50355 0.0358017
92 9.55107 0.0357093
93 9.60303 0.0371059
94 9.65046 0.037032
95 9.69537 0.03777
96 9.74728 0.0376379
97 9.80806 0.0373113
98 9.85554 0.037266
99 9.89726 0.0364532
