0 0 -nan
1 1 0
2 1.41901 0.00403137
3 1.73055 0.00511837
4 2.001 0.00637108
5 2.23866 0.00786852
6 2.46077 0.0090927
7 2.66289 0.0101497
8 2.84682 0.0101028
9 3.01606 0.0109439
10 3.17411 0.0113889
11 3.32316 0.011902
12 3.46877 0.0136589
13 3.6127 0.0139406
14 3.76053 0.0148476
15 3.89035 0.0146344
16 4.02361 0.015246
17 4.14483 0.0155606
18 4.26718 0.0143894
19 4.38746 0.0156233
20 4.49911 0.0157831
21 4.60897 0.0165
22 4.71481 0.0178603
23 4.82321 0.0186166
24 4.92532 0.0186384
25 5.03063 0.0187272
26 5.13174 0.0196082
27 5.21908 0.0196673
28 5.31059 0.0200185
29 5.40472 0.0195621
30 5.49511 0.0204537
31 5.57989 0.0209536
32 5.66893 0.0222829
33 5.7547 0.0218833
34 5.84584 0.0228703
35 5.92873 0.0232203
36 6.0034 0.0244013
37 6.08559 0.0241502
38 6.16681 0.0246201
39 6.25018 0.0252319
40 6.33064 0.0247627
41 6.41147 0.0252349
42 6.49504 0.0249852
43 6.57422 0.0261466
44 6.66113 0.0271025
45 6.73183 0.0268438
46 6.81108 0.0267823
47 6.88812 0.0274173
48 6.95836 0.0258383
49 7.03353 0.026332
50 7.10203 0.0268999
51 7.17206 0.0276227
52 7.24037 0.0274042
53 7.30704 0.027192
54 7.37337 0.0282714
55 7.44237 0.0275344
56 7.50389 0.0280674
57 7.56777 0.0276938
58 7.63432 0.0285753
59 7.6989 0.0291467
60 7.7745 0.0299834
61 7.8405 0.029773
62 7.90722 0.0299161
63 7.96628 0.0286907
64 8.03309 0.0293185
65 8.09235 0.0295746
66 8.15738 0.0294095
67 8.22095 0.0290883
68 8.26618 0.0292635
69 8.33239 0.0306609
70 8.38674 0.0306212
71 8.43949 0.031395
72 8.50767 0.0307478
73 8.57194 0.0308107
74 8.64577 0.0313921
75 8.70129 0.0325544
76 8.74748 0.0326253
77 8.8039 0.0326774
78 8.8596 0.033515
79 8.91434 0.0337761
80 8.95954 0.0345673
81 9.00592 0.0345332
82 9.06116 0.0346779
83 9.12076 0.0344392
84 9.17393 0.0334017
85 9.23189 0.032844
86 9.29239 0.0328589
87 9.33739 0.0324255
88 9.39135 0.0324754
89 9.44681 0.0319564
90 9.49762 0.0319555
91 9.55351 0.03178
92 9.60431 0.0321725
93 9.66038 0.0318819
94 9.70509 0.0321624
95 9.75058 0.0323598
96 9.80503 0.033565
97 9.84682 0.0331754
98 9.89794 0.0338862
99 9.9629 0.0339818
