3.27869 0
3.19698 0.0817119
3.20659 0.0481452
3.14023 0.0745764
3.12381 0.0600566
3.11599 0.0496547
3.14233 0.049544
3.13063 0.0444712
3.14828 0.0430079
3.1421 0.0389617
3.15066 0.0362667
3.13612 0.0361585
3.13451 0.0332996
3.14178 0.0316743
3.14263 0.0294995
3.13113 0.0298959
3.1302 0.0280978
3.13845 0.0277457
3.12407 0.0299235
3.11847 0.0289352
3.11972 0.0275511
3.11777 0.0263409
3.11766 0.0251698
3.11676 0.0241152
3.12768 0.0255799
3.12683 0.024591
3.12429 0.0237992
3.12028 0.0232812
3.1232 0.0226538
3.12359 0.0218891
3.12029 0.0214275
3.11496 0.0214199
3.11707 0.0208679
3.11452 0.0204051
3.11291 0.019879
3.11325 0.0193218
3.1093 0.0192015
3.10224 0.0199795
3.10135 0.0194808
3.09734 0.0194052
3.10203 0.0194975
3.10548 0.0193371
3.09989 0.0196907
3.10002 0.0192384
3.1019 0.0188999
3.10622 0.0189812
3.10876 0.0187464
3.11253 0.0187339
3.10921 0.0186455
3.11133 0.0183919
3.11525 0.018449
3.11258 0.0182873
3.11318 0.0179492
3.11216 0.0176431
3.10937 0.017543
3.10699 0.0173903
3.1063 0.0170965
3.10713 0.0168198
3.11134 0.0170607
3.11015 0.0168166
3.11221 0.0166673
3.11578 0.0167797
3.11442 0.0165668
3.11633 0.0164166
3.11486 0.0162283
3.11751 0.016198
3.11553 0.0160764
3.1189 0.0161921
3.11722 0.0160439
3.11775 0.0158221
3.11731 0.0156039
3.11742 0.015386
3.12022 0.015431
3.11964 0.0152323
3.11894 0.0150439
3.11814 0.0148662
3.12197 0.0151633
3.12526 0.0153243
3.12666 0.0151942
3.13039 0.0154586
3.12927 0.0153077
3.13389 0.0158123
3.13232 0.0157001
3.13331 0.0155436
3.13287 0.0153659
3.13244 0.0151922
3.13202 0.0150224
3.13097 0.0148879
3.12845 0.0149333
3.12809 0.0147708
3.12692 0.0146548
3.1248 0.0146478
3.12589 0.0145301
3.12718 0.0144321
3.12635 0.0143032
3.12574 0.0141667
3.12645 0.014038
3.12456 0.014022
3.12537 0.0139035
3.12617 0.0137869
