#     BLOCK:   ACTUAL_T:     T_AVE:       ERROR:
           1     2.00964     2.00964           0
           2     2.06597     2.03781   0.0199159
           3     2.15832     2.07798   0.0353842
           4     2.06689      2.0752   0.0266464
           5     1.78931     2.01803   0.0554065
           6     2.13472     2.03748   0.0494681
           7     2.15004     2.05356   0.0449388
           8     2.19865     2.07169   0.0428254
           9     2.12301     2.07739   0.0384447
          10     2.09928     2.07958   0.0346625
          11     2.09654     2.08112   0.0315456
          12     2.06391     2.07969   0.0289494
          13     2.02696     2.07563   0.0270052
          14     2.01934     2.07161   0.0253738
          15     2.07943     2.07213   0.0236876
          16     2.02566     2.06923   0.0223845
          17     1.98225     2.06411   0.0216446
          18     2.00667     2.06092    0.020676
          19     1.97087     2.05618   0.0201237
          20     1.93006     2.04988   0.0200812
          21     1.90923     2.04318   0.0202109
          22      1.8385     2.03388   0.0213265
          23     1.78371       2.023   0.0230063
          24     1.80852     2.01406     0.02372
          25     1.81185     2.00597   0.0241109
          26     1.77437     1.99707   0.0247746
          27     1.76201     1.98836   0.0253405
          28     1.76299     1.98031   0.0256819
          29     1.72342     1.97145   0.0262797
          30     1.73021     1.96341   0.0266055
          31     1.72744      1.9558   0.0268141
          32      1.6542     1.94637   0.0275829
          33      1.6674     1.93792   0.0280125
          34     1.68534     1.93049   0.0281565
          35     1.67815     1.92328     0.02826
          36     1.65233     1.91576   0.0284596
          37     1.62061     1.90778   0.0287867
          38     1.60802     1.89989   0.0290899
          39       1.604      1.8923   0.0293167
          40     1.57934     1.88448   0.0296094
          41     1.57282     1.87688    0.029847
          42     1.57263     1.86963   0.0300026
          43     1.55516     1.86232   0.0301831
          44     1.52281      1.8546   0.0304674
          45     1.50873     1.84692   0.0307446
          46     1.51792     1.83977   0.0308969
          47     1.50912     1.83273   0.0310301
          48     1.50152     1.82583   0.0311414
          49     1.50266     1.81924   0.0311964
          50     1.49513     1.81275   0.0312387
          51     1.49312     1.80649   0.0312485
          52     1.47793     1.80017   0.0312799
          53     1.47621     1.79406   0.0312812
          54     1.48442     1.78832   0.0312231
          55     1.48469      1.7828   0.0311396
          56     1.48226     1.77743   0.0310426
          57     1.47948     1.77221   0.0309349
          58     1.45101     1.76667   0.0308933
          59     1.47241     1.76168   0.0307696
          60     1.47791     1.75695   0.0306181
          61     1.47862     1.75239   0.0304543
          62     1.49634     1.74826   0.0302418
          63     1.51605     1.74457   0.0299855
          64     1.50077     1.74076    0.029758
          65     1.50444     1.73713   0.0295215
          66     1.51312     1.73373   0.0292686
          67     1.50909     1.73038   0.0290232
          68     1.52666     1.72739   0.0287506
          69     1.52608     1.72447   0.0284815
          70     1.49879     1.72124   0.0282565
          71     1.51852     1.71839   0.0280024
          72     1.53398     1.71583   0.0277304
          73     1.51825     1.71312   0.0274823
          74     1.51213      1.7104   0.0272448
          75     1.49676     1.70756     0.02703
          76     1.48345     1.70461   0.0268348
          77     1.46257     1.70146   0.0266697
          78     1.50839     1.69899   0.0264424
          79     1.49666     1.69643   0.0262314
          80     1.46605     1.69355   0.0260611
          81      1.4518     1.69056   0.0259097
          82     1.43999     1.68751   0.0257733
          83     1.42596     1.68436   0.0256547
          84     1.42328     1.68125   0.0255369
          85     1.41106     1.67807   0.0254335
          86     1.40858     1.67494   0.0253301
          87     1.40821     1.67187   0.0252238
          88      1.3919     1.66869    0.025137
          89     1.37996     1.66544    0.025063
          90       1.366     1.66212   0.0250044
          91     1.37991     1.65902   0.0249212
          92     1.38487     1.65604   0.0248278
          93     1.37906     1.65306   0.0247389
          94     1.38326     1.65019   0.0246416
          95     1.38834     1.64743   0.0245359
          96     1.37617     1.64461   0.0244425
          97     1.38207      1.6419   0.0243399
          98     1.38758      1.6393   0.0242295
          99     1.39862     1.63687   0.0241064
         100      1.3768     1.63427   0.0240052
         101     1.38672     1.63182   0.0238923
         102     1.39315     1.62948   0.0237724
         103     1.38736     1.62713   0.0236575
         104     1.39125     1.62486   0.0235385
         105     1.39791      1.6227   0.0234134
         106     1.39316     1.62054   0.0232924
         107     1.38142      1.6183   0.0231817
         108     1.37377     1.61604   0.0230774
         109     1.35865     1.61368   0.0229861
         110      1.3696     1.61146    0.022884
         111     1.37777     1.60935   0.0227745
         112     1.37366     1.60725   0.0226682
         113      1.3658     1.60511    0.022568
         114     1.35307      1.6029   0.0224781
         115     1.35332     1.60073   0.0223872
         116     1.36252     1.59868   0.0222882
         117     1.34586     1.59651   0.0222022
         118     1.35355     1.59446   0.0221093
         119     1.35316     1.59243   0.0220163
         120     1.36142      1.5905   0.0219168
         121     1.35893     1.58859   0.0218191
         122     1.36742     1.58678   0.0217154
         123     1.36363     1.58496   0.0216145
         124     1.37051     1.58323   0.0215093
         125     1.38287     1.58163   0.0213968
         126     1.38283     1.58005   0.0212851
         127     1.39205     1.57857   0.0211689
         128     1.39185     1.57711   0.0210537
         129      1.3974     1.57572   0.0209366
         130     1.38999     1.57429   0.0208242
         131     1.37259     1.57275   0.0207221
         132     1.39723     1.57142   0.0206077
         133     1.40573     1.57018   0.0204904
         134       1.403     1.56893   0.0203754
         135     1.38321     1.56755   0.0202709
         136     1.39036     1.56625   0.0201637
         137     1.40064     1.56504   0.0200527
         138      1.3951     1.56381   0.0199452
         139     1.37545     1.56245   0.0198476
         140      1.3875      1.5612   0.0197452
         141     1.38755     1.55997   0.0196435
         142     1.38257     1.55872   0.0195449
         143     1.37199     1.55742   0.0194518
         144      1.3845     1.55622   0.0193537
         145     1.39708     1.55512   0.0192513
         146     1.38665     1.55397    0.019154
         147     1.37788     1.55277   0.0190611
         148     1.39029     1.55167   0.0189639
         149     1.39384     1.55061   0.0188662
         150     1.38573     1.54951   0.0187724
         151     1.38181      1.5484   0.0186809
         152     1.38026      1.5473   0.0185908
         153     1.37162     1.54615   0.0185047
         154     1.35337      1.5449   0.0184268
         155     1.37308     1.54379   0.0183412
         156     1.40272     1.54288   0.0182459
         157     1.40052     1.54198   0.0181522
         158     1.39244     1.54103    0.018062
         159     1.38843     1.54007   0.0179739
         160     1.37578     1.53904   0.0178909
         161     1.38072     1.53806   0.0178068
         162      1.4026     1.53722   0.0177165
         163      1.4111     1.53645   0.0176247
         164      1.3812      1.5355   0.0175426
         165     1.38148     1.53457   0.0174611
         166      1.3762     1.53362   0.0173819
         167     1.37818     1.53268   0.0173028
         168     1.39475     1.53186   0.0172192
         169     1.39548     1.53106   0.0171363
         170     1.38666     1.53021   0.0170565
         171     1.37519      1.5293   0.0169808
         172     1.37042     1.52838   0.0169072
         173     1.38356     1.52754   0.0168302
         174     1.40727     1.52685   0.0167476
         175     1.39975     1.52612   0.0166677
         176     1.39441     1.52537   0.0165898
         177     1.38204     1.52456   0.0165158
         178      1.3805     1.52375   0.0164428
         179     1.39573     1.52304   0.0163665
         180     1.43521     1.52255   0.0162829
         181     1.43194     1.52205   0.0162006
         182     1.39124     1.52133   0.0161275
         183      1.3857     1.52059   0.0160564
         184     1.41724     1.52003    0.015979
         185     1.41939     1.51949   0.0159018
         186     1.43579     1.51904   0.0158227
         187     1.43229     1.51857   0.0157449
         188     1.41263     1.51801   0.0156712
         189     1.40287      1.5174   0.0156002
         190     1.37458     1.51665   0.0155361
         191     1.39364       1.516   0.0154681
         192     1.39084     1.51535   0.0154013
         193     1.38542     1.51468   0.0153362
         194      1.3835       1.514   0.0152721
         195     1.38282     1.51333   0.0152086
         196     1.37599     1.51263   0.0151471
         197     1.37191     1.51191    0.015087
         198     1.36856     1.51119   0.0150282
         199     1.37191     1.51049    0.014969
         200     1.38862     1.50988   0.0149065
         201     1.37716     1.50922    0.014847
         202     1.36227     1.50849   0.0147913
         203     1.35643     1.50774   0.0147374
         204     1.35501       1.507   0.0146842
         205     1.36867     1.50632    0.014628
         206     1.36482     1.50563   0.0145731
         207     1.35197     1.50489   0.0145216
         208      1.3492     1.50414   0.0144711
         209     1.34599     1.50339   0.0144216
         210     1.34697     1.50264   0.0143722
         211     1.34301     1.50188   0.0143239
         212     1.34428     1.50114   0.0142757
         213     1.34782     1.50042   0.0142268
         214     1.34241     1.49968   0.0141794
         215     1.34967     1.49899   0.0141306
         216     1.35497     1.49832   0.0140809
         217     1.35725     1.49767   0.0140311
         218     1.35204       1.497   0.0139826
         219      1.3605     1.49638   0.0139326
         220     1.36751     1.49579   0.0138816
         221     1.34802     1.49512   0.0138349
         222     1.33994     1.49442   0.0137902
         223     1.33501     1.49371   0.0137469
         224     1.34533     1.49305   0.0137015
         225     1.33637     1.49235   0.0136583
         226     1.31223     1.49155   0.0136211
         227     1.31933     1.49079   0.0135822
         228     1.31446     1.49002   0.0135446
         229       1.324      1.4893   0.0135048
         230     1.34292     1.48866   0.0134611
         231      1.3174     1.48792   0.0134232
         232     1.33046     1.48724   0.0133825
         233     1.34673     1.48664   0.0133387
         234     1.35073     1.48606   0.0132943
         235      1.3319      1.4854   0.0132539
         236      1.3488     1.48482   0.0132104
         237     1.37817     1.48437   0.0131623
         238     1.38665     1.48396   0.0131134
         239     1.37173     1.48349   0.0130669
         240     1.35927     1.48297   0.0130227
         241     1.35114     1.48243   0.0129802
         242     1.34046     1.48184   0.0129398
         243     1.36337     1.48135   0.0128957
         244     1.36162     1.48086   0.0128522
         245     1.34857     1.48032   0.0128111
         246     1.34902     1.47979   0.0127701
         247     1.35063     1.47926   0.0127291
         248     1.33801      1.4787   0.0126905
         249     1.33211     1.47811   0.0126532
         250     1.33232     1.47752    0.012616
         251     1.34211     1.47698   0.0125773
         252     1.34409     1.47646   0.0125384
         253     1.31043      1.4758    0.012506
         254      1.3175     1.47518   0.0124723
         255     1.31187     1.47454   0.0124398
         256     1.32859     1.47397   0.0124043
         257      1.3277      1.4734   0.0123691
         258     1.32626     1.47283   0.0123343
         259      1.3264     1.47226   0.0122996
         260     1.30538     1.47162   0.0122691
         261     1.31952     1.47104   0.0122359
         262     1.32111     1.47046   0.0122025
         263     1.30609     1.46984   0.0121721
         264     1.32661      1.4693   0.0121381
         265     1.33529     1.46879   0.0121028
         266     1.30889     1.46819   0.0120723
         267      1.3021     1.46757   0.0120431
         268     1.33553     1.46708   0.0120082
         269     1.34102     1.46661   0.0119727
         270     1.32707     1.46609   0.0119395
         271     1.32199     1.46556   0.0119073
         272      1.3333     1.46507   0.0118734
         273      1.3428     1.46462   0.0118384
         274      1.3448     1.46419   0.0118033
         275     1.34128     1.46374   0.0117688
         276     1.34198      1.4633   0.0117344
         277     1.34519     1.46287   0.0116998
         278     1.33821     1.46242   0.0116663
         279     1.35028     1.46202   0.0116314
         280     1.35906     1.46165   0.0115957
         281     1.35972     1.46129   0.0115601
         282     1.35422     1.46091   0.0115253
         283     1.34324      1.4605   0.0114921
         284     1.35629     1.46013   0.0114575
         285     1.37239     1.45982   0.0114214
         286     1.36072     1.45947   0.0113867
         287     1.37271     1.45917   0.0113511
         288      1.3951     1.45895   0.0113139
         289     1.38724      1.4587   0.0112774
         290     1.36212     1.45837   0.0112435
         291      1.3755     1.45808   0.0112084
         292     1.39679     1.45787    0.011172
         293     1.41285     1.45772   0.0111349
         294     1.41457     1.45757    0.011098
         295     1.41052     1.45741   0.0110615
         296      1.3942      1.4572   0.0110262
         297     1.39999     1.45701   0.0109908
         298     1.41589     1.45687   0.0109548
         299     1.39968     1.45668   0.0109198
         300     1.38614     1.45644   0.0108859
         301      1.3863     1.45621   0.0108523
         302     1.38478     1.45597   0.0108189
         303     1.37279      1.4557   0.0107867
         304     1.37525     1.45544   0.0107545
         305     1.38159     1.45519   0.0107219
         306     1.38118     1.45495   0.0106896
         307     1.37963     1.45471   0.0106576
         308     1.35201     1.45437   0.0106282
         309     1.33165     1.45398   0.0106012
         310      1.3605     1.45367   0.0105713
         311     1.36065     1.45337   0.0105416
         312     1.35613     1.45306   0.0105124
         313     1.35162     1.45274   0.0104838
         314     1.34082     1.45238   0.0104565
         315     1.32116     1.45197   0.0104316
         316     1.32631     1.45157   0.0104061
         317     1.33874     1.45121   0.0103794
         318     1.31894      1.4508   0.0103551
         319     1.30466     1.45034   0.0103327
         320     1.32408     1.44994    0.010308
         321     1.31278     1.44952   0.0102847
         322     1.29987     1.44905   0.0102633
         323     1.30668     1.44861    0.010241
         324     1.30954     1.44818   0.0102184
         325     1.30982     1.44776   0.0101958
         326     1.29865      1.4473   0.0101748
         327     1.30834     1.44687   0.0101525
         328     1.30786     1.44645   0.0101304
         329     1.29414     1.44599   0.0101102
         330     1.31302     1.44558   0.0100876
         331     1.32579     1.44522   0.0100636
         332     1.32969     1.44487   0.0100393
         333     1.31727     1.44449   0.0100164
         334      1.2604     1.44394   0.0100016
         335     1.28517     1.44347  0.00998298
         336     1.31976      1.4431  0.00996005
         337     1.32993     1.44276  0.00993616
         338      1.3198      1.4424  0.00991342
         339     1.30452     1.44199  0.00989252
         340     1.30228     1.44158  0.00987195
         341     1.29882     1.44116  0.00985187
         342     1.30741     1.44077  0.00983083
         343     1.30156     1.44036  0.00981054
         344     1.31218     1.43999  0.00978909
         345     1.30189     1.43959   0.0097689
         346     1.30149     1.43919  0.00974882
         347     1.29956     1.43879  0.00972902
         348     1.29533     1.43838   0.0097098
         349     1.31935     1.43804  0.00968796
         350     1.30629     1.43766  0.00966759
         351     1.28379     1.43722  0.00964998
         352     1.31038     1.43686   0.0096293
         353     1.31583     1.43652  0.00960812
         354     1.28769      1.4361  0.00959017
         355     1.30746     1.43574     0.00957
         356     1.31062     1.43538  0.00954957
         357     1.30173     1.43501  0.00953016
         358     1.33061     1.43472    0.009508
         359     1.34356     1.43446   0.0094849
         360     1.36284     1.43427  0.00946064
         361     1.35667     1.43405  0.00943688
         362     1.34239      1.4338   0.0094142
         363     1.38341     1.43366  0.00938929
         364     1.41778     1.43362   0.0093636
         365     1.39837     1.43352  0.00933844
         366     1.41167     1.43346  0.00931312
         367      1.4037     1.43338   0.0092881
         368     1.37721     1.43323  0.00926411
         369     1.39053     1.43311  0.00923973
         370     1.41008     1.43305  0.00921497
         371     1.40316     1.43297  0.00919048
         372     1.38177     1.43283   0.0091668
         373     1.36439     1.43265  0.00914406
         374     1.36391     1.43246  0.00912146
         375     1.34405     1.43223  0.00910018
         376     1.35048     1.43201  0.00907858
         377     1.35333      1.4318   0.0090569
         378     1.35721      1.4316  0.00903508
         379     1.35224     1.43139  0.00901367
         380     1.35929      1.4312  0.00899195
         381     1.35575     1.43101  0.00897053
         382     1.35699     1.43081  0.00894914
         383     1.36705     1.43065  0.00892732
         384      1.3605     1.43046  0.00890594
         385     1.34876     1.43025  0.00888534
         386     1.34952     1.43004  0.00886478
         387     1.34233     1.42981  0.00884477
         388     1.35247     1.42962  0.00882422
         389       1.337     1.42938  0.00880474
         390     1.32079      1.4291  0.00878657
         391     1.33682     1.42886  0.00876727
         392     1.35425     1.42867  0.00874697
         393     1.34681     1.42846  0.00872719
         394     1.31883     1.42819  0.00870947
         395     1.31844     1.42791  0.00869186
         396     1.33461     1.42767   0.0086731
         397     1.32002      1.4274  0.00865549
         398     1.31461     1.42712  0.00863838
         399     1.31603     1.42684  0.00862122
         400     1.31469     1.42656  0.00860422
