39.004
36.72
35.9299
34.8984
34.0153
32.7578
31.5042
29.6442
28.1854
27.3301
26.1374
25.3466
24.4395
24.0446
23.1781
22.2859
21.9001
20.9949
20.8402
20.7102
20.3098
19.8624
19.6803
19.5728
19.5121
19.4254
19.3582
19.7461
19.4701
19.3934
19.3491
19.3491
19.3485
19.3482
19.3482
19.3482
19.8587
19.7958
19.9747
20.0519
20.0575
19.92
20.0532
19.8655
19.7947
19.3307
18.9906
18.9196
18.7481
18.7349
18.7331
18.6113
18.8633
19.0178
19.0289
18.7422
18.7091
18.6364
18.5759
18.5554
18.582
18.6162
18.6386
18.6386
18.6672
18.5614
18.539
18.539
18.539
18.539
18.539
18.539
18.539
18.539
18.539
18.539
18.539
18.539
18.539
18.539
18.539
18.539
18.539
18.539
18.539
18.539
18.539
18.539
18.539
18.539
18.539
18.539
18.539
18.539
18.9266
18.8318
18.7973
18.7584
18.8809
18.4124
18.275
18.2728
18.2757
18.2434
18.1225
18.1286
18.0769
18.0464
18.0465
17.9107
18.3872
18.1693
17.9385
17.9715
17.9551
17.9156
17.9156
17.8925
17.8925
17.8925
17.8925
17.8925
17.8925
17.8925
18.0948
18.0861
18.6112
18.4766
18.1304
18.0479
17.8604
17.7635
17.6834
17.6351
17.6392
17.6364
17.9535
18.1033
17.8745
17.9213
17.7957
17.7165
17.7449
18.156
17.9625
17.6755
17.6312
17.6312
17.6312
17.9878
17.8152
17.6672
17.6672
17.6406
17.6312
17.8679
17.6811
17.5638
17.4726
17.3496
17.2781
17.2256
17.2065
17.1684
17.1636
17.1636
17.1588
17.5963
17.3601
17.1754
17.1531
17.2407
17.1324
17.018
16.83
16.7628
16.7023
16.7224
16.9293
16.6761
16.6251
16.5909
16.5475
16.5072
16.471
16.7646
16.5558
16.4692
16.9272
16.8423
16.7318
16.463
16.3325
16.0041
15.8565
15.7568
15.6514
15.6191
15.5808
15.5689
15.5719
15.5719
15.565
15.559
15.559
15.559
15.559
15.559
15.559
16.0929
15.8302
15.9395
16.2044
16.1445
15.8638
15.9418
16.0283
15.7584
15.487
15.1758
14.9796
14.86
14.8572
14.6999
14.6584
14.6584
14.6584
14.6584
14.6584
14.6584
14.6584
14.6584
14.6584
14.6584
14.6584
14.6584
14.6584
14.6584
14.6584
14.6584
14.6584
14.9653
14.8145
14.6744
14.6454
14.5848
14.5864
14.5573
14.5423
14.5246
14.5147
14.5147
14.5133
14.5133
14.5133
14.5118
14.5118
14.5118
14.5118
14.5118
14.5118
14.5118
14.5118
14.7834
14.7384
14.5861
14.5297
14.5119
14.5119
14.5118
14.5118
14.5118
14.5118
14.5118
14.5118
14.5118
14.5118
14.5118
14.5118
14.5118
14.5118
14.5118
14.5118
14.5118
14.5118
14.5118
14.5118
14.9695
14.6045
14.5964
14.4979
14.2513
13.8624
13.6337
13.3036
13.1548
13.0783
13.0783
13.0783
13.0783
13.0783
13.0783
13.0783
13.0783
13.0783
13.0783
13.0783
13.0783
13.0783
13.388
13.2683
13.3265
13.3152
13.3558
13.327
13.1999
13.2038
13.8157
13.4253
13.8525
13.4566
13.3849
13.9165
13.8679
13.8903
13.7551
13.6777
13.3397
13.3657
13.2746
13.3168
13.1377
14.2309
13.6474
13.4306
13.3407
13.0754
13.0074
13.2705
13.3075
13.1337
12.8392
12.7347
12.5899
12.564
12.6078
12.4921
12.4657
12.4608
12.4557
12.4557
12.4557
12.4557
12.9543
12.858
12.6273
12.4067
12.3893
12.3548
12.3402
12.8752
12.748
12.6027
12.4716
12.4863
12.3831
12.3277
12.3186
12.3186
12.3186
12.3186
12.3186
12.3186
12.3186
12.3186
12.3186
12.3186
12.3186
12.3186
12.7107
12.4368
12.369
12.3186
12.3186
12.3186
12.3186
12.3186
12.3186
12.3186
12.3186
12.3186
12.3186
12.3186
12.3186
12.3186
12.3186
12.3186
12.3186
12.3186
12.3186
12.3186
12.3186
12.3186
12.3186
12.3186
12.3186
12.3186
12.3186
12.3186
12.3186
12.3186
12.3186
12.3186
12.3186
12.3186
12.3186
12.3186
12.3186
12.3186
12.3186
12.3186
12.3186
12.3186
12.7634
12.5039
12.3598
12.6676
12.4817
12.3464
12.5192
12.372
12.328
12.3233
12.3186
12.3186
12.3186
12.3186
12.3186
12.3186
12.3186
12.3186
12.3186
12.3186
12.3186
12.3186
12.3186
12.3186
12.3186
12.3186
12.9395
12.8757
12.8205
12.8242
12.4212
12.4481
12.3186
12.3186
12.3186
12.3186
12.3186
12.3186
12.3186
12.3186
12.3186
12.3186
12.3186
12.3186
12.3186
12.3186
12.3186
12.3186
12.3186
12.3186
12.3186
12.3186
12.3186
12.3186
12.3186
12.3186
12.3186
12.3186
12.3186
12.3186
12.3186
12.3186
12.3186
12.3186
12.3186
12.3186
12.3186
12.3186
12.3186
12.3186
12.3186
12.3186
12.3186
12.3186
12.3186
12.3186
12.3186
12.3186
12.3186
12.3186
12.3186
12.3186
12.7423
12.6203
12.545
12.4339
12.3446
12.3446
12.3186
12.3186
12.3186
12.3186
12.3186
12.3186
12.3186
12.3186
12.3186
12.3186
12.3186
12.8571
12.6297
12.765
12.5286
12.5436
12.4637
12.435
12.7708
12.6607
12.4513
12.3399
12.319
12.6602
12.4388
12.3407
12.3137
12.5733
12.4935
12.3139
12.3654
12.3478
12.3087
12.337
12.3656
12.3454
12.5382
12.3933
12.4668
12.4785
12.41
12.302
12.302
12.302
12.6689
12.8
12.566
12.5868
12.339
12.3704
12.302
12.302
12.581
12.7325
12.6199
12.7156
12.7214
12.7146
12.7032
12.9458
12.8227
12.8301
12.5022
12.4839
12.4024
12.7778
12.8626
12.6031
12.3979
12.2789
12.2828
12.1866
12.1266
12.1569
12.1658
12.078
12.072
12.0683
12.0663
12.0604
12.5017
12.6145
12.3178
12.7297
12.5653
12.8628
13.4247
13.4212
13.3615
13.2116
13.2458
12.9102
12.6344
12.5438
12.3924
12.2914
12.1993
12.0866
11.9247
11.9364
11.8698
11.8294
11.7323
11.5338
11.5099
11.5099
11.5099
12.1647
11.8176
12.2409
11.8968
11.671
11.494
11.3595
11.3343
11.3012
11.282
11.2843
11.2867
11.2843
11.7932
11.3896
11.438
11.9659
11.8673
11.6404
11.4015
11.2899
11.2899
11.2774
11.2774
11.7058
11.4153
11.3947
11.2774
11.2774
11.2774
11.2774
11.2774
11.5884
11.5962
11.4927
11.3899
11.4323
11.3519
11.2776
11.2776
11.2779
11.2776
11.2774
11.2774
11.2774
11.2774
11.8056
11.3845
11.3377
11.3212
11.2774
11.2774
11.2774
11.2774
11.2774
11.2774
11.2774
11.2774
11.2774
11.2774
11.2774
11.2774
12.7369
12.7138
12.3703
11.8013
11.3756
11.3145
10.6921
10.2187
9.53245
9.0892
8.85783
9.2397
9.08878
8.856
8.97329
9.56505
9.12626
9.62037
9.31009
8.94827
9.22232
8.91812
9.01659
9.38985
9.23791
9.16485
8.91341
8.87392
8.83999
8.96698
8.74122
8.74121
8.7412
8.7412
8.7412
8.7412
8.7412
8.7412
8.7412
8.7412
8.7412
8.7412
8.7412
8.7412
8.7412
8.7412
9.08008
9.41333
9.0618
8.83999
8.78465
8.78465
8.7412
8.7412
8.7412
8.7412
9.07454
9.02564
8.89583
8.83868
8.85367
8.71988
8.6938
8.67007
8.64621
8.62751
8.9532
8.86672
8.61743
8.6149
8.6149
8.6149
8.6149
8.6149
8.6149
8.6149
8.6149
8.6149
8.6149
9.29705
9.78527
9.33978
8.91137
8.72146
8.74673
8.69083
8.6734
8.63975
8.63053
9.23339
9.09434
9.0017
9.06291
8.85264
8.99558
8.81443
8.76422
8.67702
8.6104
9.20866
8.67864
8.63813
8.48609
8.34659
8.27057
8.22674
8.65554
8.94945
8.837
8.57483
8.60605
8.36743
8.95723
8.48013
8.45308
8.32583
8.27557
8.77705
8.52913
8.90951
8.59692
8.59001
8.54191
8.2711
8.13862
8.00261
7.98394
7.82481
7.71638
7.70277
7.68462
7.67575
7.67575
7.67575
7.67121
7.66668
7.66668
7.66668
8.10357
7.89649
8.09394
8.44576
8.35475
8.60932
8.681
8.48757
8.29329
8.26327
8.32832
7.94985
7.99083
8.06716
7.94473
7.72243
7.66668
7.66668
7.66668
7.66668
7.66668
8.17306
8.45711
8.15229
7.93542
7.7492
7.72574
7.67193
7.67193
7.67193
7.67193
7.67193
7.66668
8.36806
7.78646
7.66668
7.66668
7.66668
7.66668
7.66668
7.66668
7.66668
7.97116
7.76619
7.70781
7.70522
7.66668
7.66668
7.66668
7.66668
8.22952
8.43479
8.03133
7.99399
7.67645
7.53062
7.4625
7.43571
7.70141
7.68914
7.44306
7.31171
7.24616
7.24616
7.24616
7.24616
7.24616
7.24616
7.24616
7.24616
7.24616
7.24616
7.24616
7.24616
7.24616
7.24616
7.63682
7.59108
7.55938
7.84236
7.60635
7.68708
7.4126
7.35869
7.24616
7.24616
7.24616
7.24616
7.24616
7.24616
7.24616
7.24616
7.54161
7.3261
7.301
7.24616
7.24616
7.24616
7.24616
7.24616
7.24616
7.24616
7.24616
7.24616
7.24616
7.67648
7.62697
7.41251
7.37692
7.26245
7.24616
7.24616
7.24616
7.24616
7.24616
7.24616
7.24616
7.24616
7.24616
7.24616
7.89661
7.67249
7.47695
7.46691
7.99326
7.72736
7.45786
7.36765
7.29282
7.24616
7.24616
7.24616
7.24616
7.24616
7.24616
7.24616
7.24616
7.24616
7.24616
7.24616
7.24616
7.24616
7.24616
7.24616
7.24616
7.24616
7.24616
7.24616
7.24616
7.24616
7.24616
7.24616
7.24616
7.24616
7.24616
7.24616
7.24616
7.24616
7.24616
7.24616
7.24616
7.24616
7.24616
7.24616
7.24616
7.24616
7.24616
7.24616
7.24616
7.24616
7.24616
7.24616
8.87221
8.31817
7.71814
7.57682
9.19195
8.45334
7.99507
7.66668
8.00259
7.6373
7.38561
7.4144
7.34441
7.28231
7.24616
7.69806
7.39898
7.58164
7.46285
7.31895
7.31593
7.23645
7.23468
7.23326
7.23147
7.23082
7.22997
7.22997
7.22997
7.22997
7.22997
7.22997
7.22997
7.22997
7.22997
7.22997
7.22997
7.22997
7.22997
7.22997
8.71731
8.29879
8.21926
7.73159
7.88567
7.65061
7.54138
7.55375
7.65866
7.33672
7.22997
7.92421
7.94869
7.66052
7.70094
7.47545
7.27209
7.26734
7.61422
7.41975
7.38414
7.27404
7.22976
7.22969
7.22964
7.22963
7.22963
7.22962
7.22963
7.22961
7.22961
7.22961
7.22961
7.22961
7.22961
7.22961
7.22961
7.22961
7.22961
7.22961
7.22961
7.22961
7.22961
7.22961
7.22961
7.22961
7.22961
7.22961
7.22961
7.22961
7.22961
7.22961
7.22961
7.22961
7.22961
7.75392
7.53231
7.42297
8.12943
8.38927
8.29834
7.65459
7.51
7.45757
7.47246
7.32559
7.36357
7.27948
7.25321
7.22961
7.22961
7.22961
7.22961
7.22961
7.22961
7.22961
7.22961
7.80045
7.60306
7.53974
7.40952
7.3359
7.09268
7.13656
6.96151
6.91211
6.86297
6.82298
6.80972
6.79646
7.51565
7.68072
7.13346
7.00598
6.85633
6.83704
6.81795
6.79885
6.78762
6.78762
6.78762
6.78762
6.78762
6.78762
6.78762
6.78762
6.78762
6.78762
6.78762
6.78762
6.78762
6.78762
6.78762
6.78762
6.78762
6.78762
6.78762
6.78762
6.78762
6.78762
6.78762
6.78762
6.78762
6.78762
6.78762
6.78762
6.78762
6.78762
6.78762
7.31253
7.28482
6.96687
6.90648
6.8643
6.8643
6.78762
7.07847
7.3963
7.14291
7.38951
7.51475
7.39103
7.04244
7.02494
6.88166
6.78762
6.78762
6.78762
6.78762
6.78762
6.78762
6.78762
6.78762
6.78762
6.78762
6.78762
6.78762
6.78762
6.78762
6.78762
6.78762
6.78762
6.78762
6.78762
6.78762
6.78762
6.78762
6.78762
7.58388
7.31076
7.0588
7.10785
6.88575
6.88297
6.8889
6.81937
6.83152
6.85112
6.81937
6.78762
6.78762
6.78762
6.78762
6.78762
6.78762
6.78762
6.78762
6.78762
6.78762
6.78762
6.78762
6.78762
6.78762
6.78762
6.78762
6.78762
6.78762
7.23037
7.03244
7.01715
6.94255
6.86384
6.90455
6.81377
6.80505
6.80505
6.79633
6.78762
7.47259
7.40213
7.10526
6.93318
6.85308
6.78762
6.78762
6.78762
6.78762
6.78762
6.78762
6.78762
6.78762
6.78762
6.78762
6.78762
7.18328
7.41639
7.24941
7.19859
7.13308
7.13047
7.16425
7.00433
6.97018
6.83648
6.8205
6.81925
6.81925
6.78762
6.78762
6.78762
6.78762
7.46304
7.76335
8.04213
7.50323
7.25627
7.16642
7.12793
7.07659
7.66121
7.30587
7.07438
7.0001
7.09983
7.07405
6.97047
7.36792
7.13272
6.88628
6.83429
6.82502
6.82502
6.86243
7.16518
7.00801
6.86098
6.78762
6.78762
6.78762
6.78762
6.78762
6.78762
6.78762
6.78762
6.78762
6.78762
6.78762
6.78762
6.78762
6.78762
6.78762
6.78762
6.78762
6.78762
6.78762
6.78762
6.78762
6.78762
6.78762
6.78762
6.78762
6.78762
6.78762
6.78762
6.78762
6.78762
6.78762
6.78762
6.78762
6.78762
6.78762
6.78762
6.78762
6.78762
6.78762
6.78762
6.78762
6.78762
6.78762
6.78762
6.78762
6.78762
6.78762
6.78762
6.78762
6.78762
6.78762
8.38458
7.69661
7.4301
7.39653
7.28041
7.57219
7.35085
7.7416
7.23633
6.99269
6.93081
6.78762
6.78762
6.78762
6.78762
6.78762
6.78762
6.78762
6.78762
6.78762
6.78762
6.78762
6.78762
6.78762
6.78762
6.78762
6.78762
6.78762
6.78762
6.78762
6.78762
6.78762
6.78762
6.78762
6.78762
6.78762
6.78762
6.78762
6.78762
8.57559
7.82544
7.58973
7.46705
7.49574
7.88501
7.95725
7.47668
7.31505
7.30432
7.31528
7.77601
7.88301
7.79186
7.58855
7.68949
7.32858
7.07884
6.99118
6.8878
8.54191
7.91854
8.57787
8.45694
8.25316
8.09313
7.96167
7.41268
7.72904
7.21494
7.06543
7.18146
6.96011
6.88354
7.73402
7.56093
7.43525
7.16364
7.03102
6.78762
6.78762
6.78762
6.78762
7.15553
7.07508
6.94399
6.83373
6.79637
7.05954
6.85977
6.79943
6.79352
6.78762
6.78762
6.78762
6.78762
6.78762
6.78762
6.78762
6.78762
7.39971
7.00261
7.10104
6.94192
6.89394
6.81079
6.81079
6.78762
6.78762
6.78762
6.78762
6.78762
6.78762
6.78762
6.78762
6.78762
6.78762
6.78762
6.78762
6.78762
6.78762
6.78762
6.78762
6.78762
7.29927
7.19137
7.02622
6.93477
6.8432
7.14021
7.04629
6.83253
6.82315
7.50154
7.27429
7.00823
6.91544
6.82857
7.11749
6.96885
6.79474
6.79474
6.78762
6.78762
6.78762
7.29949
7.67395
7.95288
7.34262
7.11942
6.99901
7.2882
7.00438
6.82603
6.79267
7.43439
7.47587
7.22555
7.0772
6.91339
6.8652
7.26469
7.09842
6.90341
6.94201
6.88964
7.30015
7.59728
7.36074
7.0332
6.81586
6.82207
6.80492
6.80507
6.78762
6.78762
6.78762
6.78762
6.78762
6.78762
6.78762
6.78762
6.78762
7.20843
7.08921
7.4068
7.35646
7.15032
7.31946
7.04016
6.87599
6.85274
6.78762
6.78762
6.78762
6.78762
6.78762
6.78762
6.78762
6.78762
6.78762
6.78762
6.78762
6.78762
6.78762
6.78762
6.78762
6.78762
6.78762
6.78762
6.78762
6.78762
6.78762
6.78762
6.78762
6.78762
6.78762
6.78762
6.78762
6.78762
7.31184
7.1976
7.00462
7.19432
6.99167
6.80845
7.16052
6.88341
6.89614
6.84102
6.84535
6.84102
6.7957
6.78762
6.78762
6.78762
6.78762
6.78762
6.78762
6.78762
6.78762
6.78762
6.78762
6.78762
6.78762
6.78762
6.78762
6.78762
6.78762
6.78762
6.78762
6.78762
6.78762
6.78762
6.78762
6.78762
6.78762
6.78762
6.78762
6.78762
6.78762
6.78762
6.78762
6.78762
6.78762
7.45952
7.36973
7.10774
6.90624
6.80252
6.68376
6.58772
6.46142
6.34399
6.30591
6.25089
6.23821
6.22121
6.22121
6.22121
6.8293
6.67658
6.57907
6.47856
6.38376
6.36079
6.38556
6.30298
6.22811
6.235
6.22811
6.22121
6.22121
6.22121
6.22121
6.22121
6.56651
6.47965
6.2441
6.23953
6.22121
6.22121
6.22121
6.22121
6.22121
6.22121
6.22121
6.22121
6.22121
6.22121
6.22121
6.22121
6.22121
6.22121
6.22121
6.22121
6.22121
6.22121
6.22121
6.22121
6.22121
6.22121
6.22121
6.22121
6.22121
6.6169
7.43019
7.10532
6.55768
6.38105
6.25451
6.22856
6.91334
6.67655
6.53037
6.59211
7.08298
7.00178
7.04135
6.91445
6.77362
6.6374
6.46819
6.35172
6.27472
6.25401
6.22409
6.22409
6.22121
6.22121
6.22121
6.63334
6.35994
6.26069
6.23996
6.23996
6.22121
6.22121
6.22121
6.22121
6.86033
6.80889
6.61036
6.52069
6.3892
6.27942
6.28814
6.25141
6.22121
6.22121
6.22121
6.22121
6.22121
6.22121
6.22121
6.22121
6.22121
6.22121
6.22121
6.22121
6.22121
6.22121
6.22121
6.22121
6.22121
6.22121
7.49597
7.6798
7.14437
6.41078
6.35161
6.3502
6.31705
6.23252
6.22687
6.22121
6.22121
6.22121
6.22121
6.22121
7.83899
7.34524
6.8052
6.68983
6.41795
6.45634
6.30734
6.27657
6.23967
6.22121
6.22121
6.22121
6.22121
6.22121
6.22121
6.22121
6.22121
6.22121
6.22121
6.22121
6.22121
6.22121
6.22121
6.22121
6.22121
6.22121
6.22121
6.22121
6.22121
6.22121
6.22121
6.76796
6.57527
6.46389
6.37541
6.40896
6.42123
6.25552
6.25552
6.25552
6.22121
6.22121
6.22121
6.22121
6.22121
6.22121
6.22121
6.22121
6.22121
6.22121
8.05669
7.39528
6.78029
6.7764
6.67253
6.3913
6.32981
6.23176
6.50843
6.40485
6.36648
6.32133
6.38493
6.36366
6.33598
6.26189
6.22121
6.22121
6.22121
6.22121
6.9029
7.33754
7.00847
7.04583
6.75159
6.82183
6.72615
7.16439
7.09057
6.62752
6.50889
6.51118
6.45869
6.94439
7.00498
6.59889
6.44503
6.49095
6.41775
6.93919
7.0211
6.56573
6.3979
6.38902
6.32925
6.28142
6.25143
6.27381
6.26582
6.26762
6.22301
6.22121
6.80623
6.61868
6.48073
6.34102
6.38998
6.31428
6.29155
6.22121
6.46007
6.29182
6.29662
6.25892
6.22121
6.22121
6.22121
6.22121
6.22121
6.22121
6.22121
6.22121
6.22121
6.22121
6.22121
6.22121
6.22121
6.22121
6.22121
6.22121
6.22121
6.22121
6.22121
6.22121
6.22121
6.22121
6.22121
6.22121
6.22121
6.22121
6.22121
6.22121
6.22121
6.22121
6.22121
6.89517
6.80923
6.53727
6.71141
7.18732
7.04067
6.52868
6.40286
6.47404
6.26506
6.22121
6.84207
6.626
6.36667
6.26431
6.22278
6.22121
6.22121
6.22121
6.22121
6.22121
6.22121
6.22121
6.22121
6.22121
6.22121
7.935
7.45971
7.17507
6.53339
6.99073
6.86687
6.54872
6.67404
6.63872
6.46819
6.49619
6.39296
6.28657
6.22121
6.22121
6.60384
6.85272
6.67072
6.72884
6.40941
6.33017
6.30433
6.72718
6.66989
6.68165
6.49446
6.37485
6.2628
6.2628
6.22121
6.22121
6.22121
6.22121
6.22121
6.22121
6.22121
6.22121
6.22121
6.22121
6.22121
6.22121
6.22121
6.22121
6.22121
6.22121
6.22121
6.22121
6.22121
6.22121
6.22121
6.22121
6.22121
6.22121
6.22121
6.22121
6.22121
6.65782
6.50129
6.35844
6.25937
6.22121
6.22121
6.22121
6.22121
6.22121
6.22121
6.22121
6.22121
6.22121
6.22121
6.8553
6.45006
6.4154
6.23748
6.22121
6.22121
6.22121
6.22121
6.22121
6.22121
6.22121
6.22121
6.22121
6.22121
6.22121
6.22121
6.22121
6.22121
6.22121
6.22121
6.22121
6.22121
6.22121
6.22121
6.22121
6.22121
6.22121
6.22121
6.22121
6.22121
6.22121
6.22121
6.22121
6.22121
6.57255
6.38488
6.77302
6.51472
6.36886
6.25855
6.22121
6.22121
6.60156
6.43037
6.28647
6.24343
6.24716
6.24349
6.22121
6.93863
6.52748
6.32745
6.7098
6.49846
6.64232
6.36668
6.8317
6.6085
6.39745
6.44143
6.44143
6.22121
6.65897
6.37369
8.04458
8.09989
7.55846
7.37241
6.95416
6.72013
6.57926
6.41718
6.57678
7.24452
6.73462
6.44769
6.43026
6.36886
6.37134
6.26793
6.22121
6.22121
6.22121
6.22121
6.22121
6.22121
6.22121
6.22121
6.22121
6.22121
6.22121
6.22121
6.22121
6.22121
6.22121
6.22121
6.22121
6.22121
6.56742
6.45125
6.30627
6.22369
6.22121
6.22121
7.89924
7.0162
6.64367
6.48256
6.27289
6.22121
6.22121
6.22121
6.22121
6.22121
6.8544
6.62291
6.42832
6.41406
6.49307
6.37107
6.26002
6.23519
6.23907
6.24729
6.22943
6.22121
6.22121
6.22121
6.22121
6.22121
6.68499
6.91523
6.952
7.0568
6.73267
6.63665
6.42551
6.36722
6.27525
6.27892
6.2655
6.22856
6.22856
6.22121
6.22121
6.22121
6.22121
6.22121
6.6048
6.56529
6.9463
6.79138
6.94857
6.62949
6.41796
6.35366
6.23736
6.23736
6.25293
6.23707
6.22121
6.22121
6.22121
6.22121
6.64867
6.5152
6.31496
6.23873
6.22121
6.22121
6.22121
6.22121
6.22121
6.22121
6.22121
6.22121
6.22121
6.22121
6.22121
8.01374
7.48113
7.23706
6.78252
6.73683
6.90822
6.63125
6.36092
6.22121
6.68864
6.50379
6.33522
6.56519
6.23734
6.22121
6.22121
6.22121
6.22121
6.22121
6.22121
6.22121
6.22121
6.22121
6.22121
6.22121
6.22121
6.22121
6.22121
6.22121
6.22121
6.22121
6.22121
6.22121
6.22121
6.22121
6.22121
6.22121
6.22121
6.22121
6.22121
6.95784
7.17702
6.64073
6.72873
6.96196
7.20148
6.59409
6.3849
6.83285
6.69776
6.724
6.52535
7.08043
6.97708
6.68614
6.34178
6.23873
7.90761
7.39451
7.03966
6.94887
6.45044
6.96105
6.83895
6.67532
6.62809
6.40683
6.3059
6.27233
6.22124
6.22124
6.22121
6.22121
6.22121
6.22121
6.22121
6.22121
6.22121
6.86236
6.81737
6.68538
6.69931
6.64115
6.3207
6.2653
6.29094
6.22359
6.52834
6.46096
6.30683
6.22121
6.65425
6.35162
6.38362
6.3555
6.22121
6.22121
6.22121
6.22121
6.22121
6.22121
6.22121
6.22121
6.22121
6.60831
6.41871
6.39245
6.30796
6.30118
6.27545
6.33605
6.33605
6.35692
6.23029
6.23029
6.22121
6.22121
6.22121
6.64626
6.46162
6.26559
6.22121
6.22121
6.22121
6.22121
6.22121
6.22121
6.22121
6.22121
6.22121
6.22121
6.22121
6.22121
6.22121
6.22121
6.22121
6.22121
6.22121
6.22121
6.22121
6.76696
6.95321
6.67853
6.82209
6.46371
6.35589
6.31699
6.33004
6.37903
6.29766
6.26234
6.22121
6.22121
6.22121
7.87933
8.09729
7.59352
7.04866
6.67927
6.75334
6.62107
6.29831
6.27461
6.38943
6.30623
6.91643
6.78582
6.50999
6.33624
6.25636
6.25636
6.30709
6.2697
6.22121
6.22121
6.22121
6.22121
6.22121
6.22121
6.22121
6.22121
6.22121
6.7883
6.82643
6.63954
6.72912
7.01565
7.45155
6.71636
6.65371
7.21314
6.76655
6.42151
6.33646
6.29082
6.22121
6.84507
6.48749
6.41598
6.30825
6.25093
6.22121
6.22121
6.22121
7.81151
7.56149
6.88009
6.45424
6.50141
6.41702
6.32818
6.26733
6.26733
6.22121
6.22121
6.22121
6.22121
6.22121
6.22121
6.22121
6.22121
6.22121
6.22121
7.92176
7.34217
7.2085
6.80968
6.78323
6.67117
6.54831
6.45261
6.43127
6.37358
6.22121
6.22121
6.22121
6.22121
6.22121
6.22121
6.22121
6.22121
6.88858
6.64674
6.40919
6.36487
6.24489
6.25995
6.24058
6.24877
6.24197
6.22121
6.22121
6.22121
6.22121
6.22121
6.22121
6.22121
6.22121
6.22121
6.22121
6.22121
6.56029
6.94235
6.54974
6.85343
6.71935
6.48695
6.39683
6.34678
6.27989
6.60504
6.60586
6.55616
6.33216
6.23417
6.22121
6.22121
6.22121
6.22121
6.22121
6.22121
6.22121
6.22121
6.22121
6.22121
6.22121
6.22121
6.6244
6.54571
6.56054
6.41411
6.34312
6.30666
6.78134
6.40108
6.24912
6.25041
6.68145
6.39995
6.33917
6.59709
6.45641
6.56629
6.29455
6.22121
6.22121
6.22121
6.22121
6.22121
6.22121
6.22121
6.22121
6.22121
6.22121
6.22121
6.22121
6.22121
6.22121
6.22121
6.22121
6.22121
6.22121
6.22121
6.22121
6.22121
6.22121
6.22121
6.22121
6.22121
6.22121
6.22121
6.22121
6.22121
6.22121
6.22121
6.22121
7.75513
7.3752
6.62796
6.68634
6.40715
6.28425
6.22121
6.22121
6.73846
6.73285
6.5813
6.43318
6.28823
6.27259
6.23825
6.23825
6.25528
6.22121
6.22121
6.22121
6.22121
6.22121
6.22121
6.22121
6.22121
6.22121
7.66015
7.04772
6.73208
8.10894
7.59937
7.15202
7.53613
7.22654
6.53919
6.35394
6.34212
6.26203
6.24825
6.69521
6.3018
6.22552
6.22982
6.22121
6.22121
6.22121
6.22121
6.22121
6.22121
6.22121
6.22121
6.22121
6.22121
6.22121
6.22121
6.22121
6.22121
6.22121
7.71724
7.35214
7.2927
7.56659
7.34402
8.34524
7.28071
7.00847
6.66478
6.4596
6.39247
6.41578
6.28408
6.28329
6.24715
6.23418
6.22121
6.22121
6.22121
6.86807
6.55008
6.29635
6.22121
6.22121
6.22121
7.90984
7.34613
6.95895
7.02637
6.76974
6.51423
6.29837
6.25134
6.22599
6.22121
6.22121
6.22121
6.22121
6.22121
6.22121
6.22121
6.22121
6.22121
6.22121
6.22121
6.86925
6.76328
6.59234
6.27279
6.22137
6.22137
6.22121
6.22121
6.22121
6.22121
6.22121
6.22121
6.22121
6.22121
6.22121
6.87526
6.67031
6.45127
6.24503
6.22121
6.22121
6.22121
6.22121
6.22121
6.22121
6.22121
6.22121
6.22121
6.22121
6.97884
6.77187
6.48303
6.27345
6.22121
6.22121
6.22121
6.22121
6.22121
6.22121
6.22121
6.22121
6.22121
6.22121
6.22121
6.22121
6.5956
6.51195
6.58135
6.74894
6.38701
6.47097
6.31126
6.24899
6.24899
6.22121
6.22121
6.22121
6.22121
6.22121
6.22121
6.22121
6.22121
6.22121
6.22121
6.54493
6.39238
6.36335
6.29244
6.27454
6.22121
6.22121
6.22121
6.22121
6.22121
6.22121
6.22121
6.22121
6.22121
6.22121
6.22121
6.22121
6.22121
6.22121
6.92252
6.655
6.23173
6.22121
6.87565
6.74518
7.2771
7.14615
6.59018
6.42737
6.34478
6.29725
8.11187
7.74507
7.66101
7.19604
6.95252
6.54605
6.46044
6.30241
6.23617
6.22121
6.22121
6.22121
6.22121
6.22121
6.22121
6.22121
6.22121
6.22121
6.22121
6.22121
6.22121
6.22121
6.22121
6.22121
6.22121
6.22121
6.22121
6.22121
6.22121
6.59975
6.56729
6.57936
6.66753
6.51676
6.33859
6.24075
6.24936
6.23416
6.23416
6.23416
6.22121
6.78789
6.55963
6.51009
6.28032
6.29944
6.24033
6.22121
6.22121
6.22121
6.22121
6.22121
6.22121
6.22121
6.22121
6.22121
6.22121
6.22121
6.22121
6.22121
6.22121
6.76603
6.80963
7.41833
6.92772
6.71553
6.40654
7.07108
6.78792
6.31216
6.37661
6.35323
6.94696
6.41768
6.3592
7.90427
7.54106
7.48971
7.24029
7.22237
6.97375
6.75948
6.54975
6.52996
6.83538
6.61001
6.53046
6.86077
7.12865
6.70854
6.35536
6.31676
6.33929
6.4232
6.30069
6.22121
6.22121
6.22121
6.22121
6.22121
6.22121
6.22121
6.22121
6.22121
6.22121
6.22121
6.22121
6.22121
6.58151
6.45016
6.60657
6.39418
6.34432
6.3643
6.32632
6.25285
6.25285
6.22121
6.22121
6.22121
6.22121
8.15274
7.7749
7.33109
7.24322
6.87342
6.77021
6.59514
6.40993
6.32001
6.27066
6.72355
6.37768
6.22842
6.22121
6.22121
6.22121
6.22121
6.22121
6.22121
6.22121
6.22121
6.22121
6.22121
6.98559
6.81021
6.70591
6.6529
6.78426
6.5814
6.46839
6.31262
6.24517
6.2297
6.22121
6.22121
6.57751
6.5274
6.64839
6.44735
6.2326
6.5422
6.4436
6.37907
6.28768
6.22121
6.22121
6.22121
6.22121
6.22121
6.22121
6.22121
6.22121
6.22121
6.22121
6.22121
6.22121
6.22121
6.22121
6.22121
6.22121
6.22121
6.22121
6.22121
6.22121
6.22121
6.22121
6.22121
6.22121
6.22121
6.5581
6.44088
6.32738
6.22121
6.22121
6.22121
6.22121
6.22121
6.22121
6.22121
6.22121
6.22121
6.22121
6.22121
6.22121
6.22121
6.22121
6.22121
6.22121
6.67987
6.43059
6.41842
6.74549
6.38466
6.22491
6.2286
6.22121
6.22121
6.22121
6.22121
6.22121
6.9626
6.75994
6.49268
6.29798
6.23521
6.2492
6.22121
6.22121
6.22121
6.22121
6.22121
6.22121
6.22121
6.22121
6.22121
6.22121
6.22121
6.22121
6.22121
6.22121
6.22121
6.22121
6.22121
6.22121
6.22121
6.22121
6.22121
6.22121
6.22121
6.22121
6.22121
6.22121
6.22121
6.22121
6.22121
6.86982
6.98516
6.52528
6.44487
6.40756
6.34975
6.23996
6.23996
6.22121
6.22121
6.89984
6.73639
6.46219
6.24195
6.26156
6.22384
6.22121
6.22121
6.22121
6.22121
6.22121
6.22121
6.22121
6.22121
6.22121
6.22121
6.22121
6.22121
6.22121
6.22121
6.22121
6.22121
6.22121
6.22121
6.22121
6.22121
7.60247
7.08326
7.10417
6.81932
6.50643
6.57326
6.73118
6.57125
6.54384
7.13683
6.47232
6.59781
6.3227
6.35216
6.41231
6.44057
6.37327
6.22121
6.22121
6.22121
6.22121
6.22121
6.22121
6.22121
6.22121
6.70747
7.14173
6.71416
6.48481
6.5745
6.66221
6.51831
6.42919
6.41027
6.30343
6.30343
6.22121
6.22121
6.22121
6.22121
6.22121
6.22121
6.22121
6.22121
6.22121
6.22121
6.22121
6.22121
6.22121
6.22121
6.22121
6.22121
6.92273
6.83136
6.85378
7.29104
6.82978
6.70112
6.54821
6.30008
6.23065
6.22121
6.22121
6.22121
6.22121
6.22121
6.22121
6.22121
6.22121
6.22121
6.22121
6.22121
6.22121
6.22121
6.22121
6.22121
6.22121
6.72122
6.3921
6.26092
6.30607
6.25187
6.25475
6.25475
6.28252
6.22697
6.22409
6.22121
6.22121
6.22121
6.22121
6.22121
6.22121
6.84379
6.72807
6.59884
6.43654
6.44172
6.26578
6.98965
6.80026
7.18615
6.95526
6.72193
7.42132
7.30959
7
6.54054
6.40007
6.28275
6.22121
6.22121
6.22121
6.22121
6.22121
6.22121
6.22121
6.22121
6.22121
6.83857
7.20073
7.11009
6.82237
7.20428
6.9143
6.52128
6.34344
6.2838
6.25282
6.25282
6.25282
6.22121
6.22121
6.22121
6.22121
6.22121
6.82602
6.70857
6.65856
6.60991
7.01952
6.73833
6.5765
6.51879
6.41716
6.3439
6.27405
6.92662
6.6447
6.31073
7.92714
7.31586
7.33713
7.01004
6.42438
6.47475
6.37951
6.27177
6.24462
6.22121
6.71997
6.5543
6.38175
6.78902
6.47848
6.36577
6.36577
6.31176
6.31176
6.38963
6.25963
6.25963
6.25963
6.22121
7.85499
7.78948
7.16045
7.04172
6.52087
6.46802
6.37161
6.59708
6.39195
6.33831
6.9975
6.89041
6.66292
6.90338
6.63617
6.53639
6.3088
6.29982
6.22641
6.22381
6.22381
6.22381
6.22404
6.22144
6.22121
6.22121
6.22121
6.22121
6.22121
6.22121
6.22121
6.22121
6.5582
6.35003
6.30677
6.26551
6.22121
6.22121
6.22121
6.22121
6.22121
6.22121
6.22121
6.22121
6.45438
6.3996
6.30558
6.95121
6.64804
6.69482
6.4941
6.49565
7.14428
6.80014
6.40445
6.27955
6.26773
6.22121
6.22121
6.22121
6.65237
6.53272
6.30445
6.30826
6.23372
6.23091
6.2378
6.2378
6.23499
6.2281
6.22121
6.22121
6.22121
6.22121
6.22121
6.22121
6.22121
6.22121
6.22121
6.22121
6.22121
6.22121
6.22121
6.22121
6.22121
6.89358
6.71127
6.70773
6.73072
6.72236
6.60198
6.38186
6.39145
6.31536
6.28563
6.2873
6.2524
6.67817
6.6725
6.60746
6.32208
6.25587
6.22542
6.22476
6.22121
6.84861
6.93543
7.20284
6.99079
6.78225
6.53683
6.2833
6.24572
6.24572
6.23347
6.22121
6.22121
6.22121
6.22121
6.56238
7.28406
6.95125
6.77088
6.74195
6.65899
6.62706
6.36129
6.43976
6.30521
6.3033
6.23511
6.22121
6.22121
6.22121
6.22121
6.22121
6.22121
6.22121
6.22121
6.22121
6.97962
6.69455
6.5287
6.48224
6.37348
6.29041
6.90675
6.55807
6.51638
6.41594
6.38901
6.34637
6.29014
6.24274
6.24274
6.25284
6.24033
6.22121
6.22121
6.22121
6.22121
6.22121
6.90342
7.13731
6.9089
6.67074
6.342
7.95239
7.5266
7.15055
7.54395
7.31784
6.75054
6.59439
6.54376
6.28385
6.23525
6.23806
6.22121
6.70218
6.31712
6.22121
6.22121
6.22121
6.22121
6.22121
6.97518
6.93071
6.91732
6.85631
6.52157
6.4064
6.43781
6.44499
6.28001
6.24734
6.22121
6.22121
6.97319
6.90471
6.7188
6.39614
6.31827
6.39324
6.30829
6.26482
6.22121
6.22121
6.22121
6.22121
6.22121
6.22121
6.22121
6.22121
6.22121
6.22121
6.85782
6.43097
6.49151
6.46341
6.32001
6.65008
6.45081
6.43008
6.27319
6.25427
6.22256
6.22391
6.22121
6.22121
6.22121
6.22121
6.22121
6.22121
6.22121
6.22121
7.9552
7.03033
6.92795
6.57064
6.35089
6.33014
6.3296
6.33916
6.22121
6.22121
6.22121
6.22121
6.22121
6.22121
7.70502
7.09423
6.53555
6.55977
6.27758
6.26337
6.78298
6.4625
6.24877
6.22121
6.22121
6.22121
6.22121
6.22121
6.22121
6.22121
6.22121
6.22121
6.22121
6.22121
6.22121
6.22121
6.22121
6.22121
6.22121
6.22121
6.22121
6.22121
6.22121
6.22121
6.51222
6.27094
6.24627
6.22121
6.22121
6.22121
6.22121
6.22121
6.22121
6.22121
6.22121
6.22121
6.22121
6.22121
6.22121
6.22121
6.22121
6.22121
6.22121
6.22121
6.22121
6.22121
6.22121
6.22121
6.22121
6.22121
6.22121
6.22121
6.22121
6.22121
6.22121
6.22121
6.22121
6.57113
6.3614
6.32749
6.35904
6.28888
6.25714
6.24709
6.22121
6.63697
6.55961
6.70355
6.67226
6.51523
6.38119
6.32895
6.23102
6.22121
6.22121
6.22121
6.22121
7.85279
7.61455
7.07014
7.13514
7.16626
6.88237
6.72006
6.36966
6.39799
6.39557
6.3263
6.36688
6.36006
6.25005
6.22121
6.22121
6.22121
6.22121
6.22121
6.22121
6.22121
6.22121
6.22121
6.22121
6.22121
6.22121
6.22121
6.52706
7.97912
8.13599
7.29173
7.14296
7.68705
7.92623
7.71043
7.37376
7.45137
6.89455
6.68852
6.42998
6.29203
6.31272
6.3097
6.70308
6.43112
6.25201
6.25201
6.25385
6.23316
6.22811
6.22121
6.22121
6.22121
6.22121
6.22121
6.22121
6.22121
6.22121
6.22121
6.76592
6.59912
6.41989
6.39228
6.29724
6.29551
6.28818
6.32323
6.24033
6.24033
6.22121
6.22121
6.22121
6.22121
6.22121
6.22121
6.22121
6.22121
6.22121
6.22121
6.22121
6.22121
6.22121
6.80033
6.78655
6.5199
6.41471
6.22359
6.22597
6.22597
6.22121
6.22121
6.22121
6.22121
6.83629
6.54477
6.46028
6.4764
6.42308
6.22275
6.22275
6.22275
6.22275
6.22275
6.22275
6.22275
6.22121
6.22121
6.22121
6.22121
6.22121
6.22121
6.22121
6.22121
6.22121
6.22121
6.22121
6.22121
6.22121
6.22121
6.22121
6.22121
6.22121
6.22121
6.22121
6.22121
6.7034
6.53492
6.53019
6.66391
6.44236
6.38674
6.2723
6.24676
6.22121
6.22121
6.22121
6.22121
6.60056
6.46758
6.64848
6.54906
6.30621
6.38705
6.2922
6.22121
6.22121
6.22121
6.22121
6.22121
6.84082
6.7195
6.5382
6.56811
6.35263
6.57728
6.38947
6.24118
6.22121
6.22121
6.22121
6.22121
6.22121
6.22121
6.97187
6.3546
6.36791
6.33236
6.93645
6.82962
7.15039
6.9824
6.98792
6.83818
6.46533
6.41167
6.30521
6.22554
6.22554
6.22121
6.22121
6.22121
6.22121
6.22121
6.22121
6.22121
6.22121
6.22121
6.22121
6.22121
6.54259
6.39634
6.29127
6.28909
6.28909
6.71602
6.3114
6.23429
6.22121
6.22121
6.67041
6.27834
6.22136
6.22121
6.22121
6.22121
6.22121
6.22121
6.22121
6.22121
6.91204
7.28818
7.03352
6.89815
6.40356
6.291
6.26043
6.35922
6.29085
6.26315
6.22409
6.22409
6.22121
6.22121
6.22121
6.22121
6.22121
6.22121
6.22121
6.22121
6.22121
6.22121
6.22121
6.22121
6.92466
6.4644
6.47662
6.33123
6.69135
6.30821
6.22841
6.22121
6.22121
6.22121
6.22121
6.22121
6.22121
6.22121
6.66591
6.544
6.37101
6.22641
6.22901
6.22381
6.22381
6.22121
6.22121
6.22121
6.22121
6.22121
6.22121
6.22121
6.22121
6.22121
6.22121
6.22121
6.22121
6.22121
6.22121
6.22121
6.22121
6.22121
6.22121
6.22121
6.22121
6.22121
6.22121
6.22121
6.22121
6.22121
6.22121
6.22121
6.22121
6.22121
6.22121
6.22121
6.22121
6.62942
6.5421
6.39934
6.35309
6.42986
6.45892
6.57069
6.282
6.26595
6.34034
6.29137
6.2561
6.22121
6.22121
6.22121
6.22121
6.22121
6.22121
6.22121
6.22121
6.22121
6.22121
6.22121
6.22121
6.22121
6.22121
6.22121
6.64501
6.54697
6.22788
6.22455
6.22121
6.22121
6.69112
6.61319
6.68867
6.24939
6.3046
6.33277
6.27642
6.24939
6.75617
6.36077
6.34998
6.29736
6.25835
6.22121
6.22121
6.22121
6.22121
6.22121
6.22121
6.22121
6.22121
6.22121
6.22121
6.22121
6.22121
6.22121
6.22121
6.22121
6.22121
6.22121
6.22121
6.22121
6.22121
6.85142
6.56912
6.50886
6.28206
6.22121
6.94738
6.78289
7.13803
6.61615
6.45134
6.44877
6.28651
6.22121
6.22121
6.22121
6.22121
6.22121
6.22121
6.22121
6.22121
6.22121
6.22121
6.22121
6.22121
6.22121
6.63564
6.42684
6.24668
6.22121
6.22121
6.22121
6.22121
6.22121
6.22121
6.22121
6.22121
6.94189
6.71115
7.2536
6.58593
6.40288
6.31671
6.30498
6.27485
6.24343
6.22121
6.22121
6.22121
6.22121
6.22121
6.22121
6.22121
6.22121
6.22121
6.22121
6.22121
6.22121
6.22121
6.22121
6.22121
6.22121
6.95627
6.74013
6.61105
6.70997
7.14958
6.89509
6.71914
6.47225
6.32018
6.51831
6.37947
6.33704
6.26748
6.22121
6.22121
6.22121
6.22121
6.22121
6.22121
6.22121
6.22121
6.22121
6.22121
6.22121
6.22121
6.22121
6.22121
6.22121
6.22121
6.22121
6.86048
8.42872
7.67413
7.36651
6.80722
6.62286
6.52901
6.50478
6.53365
6.54918
6.37527
6.37492
6.33931
6.30006
6.22121
6.79891
6.54229
6.40826
6.60638
6.4308
6.95143
6.49023
6.37786
6.22121
6.22121
6.22121
6.22121
6.22121
6.22121
6.22121
6.22121
6.22121
6.22121
6.22121
6.22121
6.22121
6.22121
6.57116
6.46374
6.53874
6.32766
6.25255
6.22121
6.22121
6.22121
6.22121
6.22121
6.92291
7.13184
6.75389
6.32732
6.34747
6.27147
6.24131
6.2238
6.59531
6.22121
6.22121
6.22121
6.22121
6.22121
6.22121
6.22121
6.22121
6.22121
6.22121
6.22121
6.22121
6.22121
6.22121
6.22121
6.22121
6.91684
6.70933
6.53558
6.35357
6.37673
6.26364
6.2829
6.24803
6.24084
6.24084
6.55539
6.43787
6.33912
6.34583
6.24387
6.69908
6.33427
6.29069
6.22121
6.22121
6.22121
6.22121
6.22121
6.74154
6.49276
6.33252
6.29959
6.22849
6.22364
6.22364
6.22607
6.22607
6.66837
6.49162
6.32879
6.28948
6.41845
6.34887
6.34887
6.34887
6.24709
6.25734
6.23146
6.23146
6.22121
6.22121
6.22121
6.22121
6.72805
6.42377
6.38376
6.25814
6.25812
6.23598
6.25074
6.23598
6.22121
6.22121
6.22121
6.22121
6.22121
6.22121
6.22121
6.22121
6.22121
6.22121
6.22121
6.9029
8.28078
8.21249
7.62547
6.86112
6.89688
6.41837
6.31078
6.36181
6.37822
6.32469
6.24677
6.23346
6.22121
6.22121
6.22121
6.22121
6.22121
6.22121
6.22121
6.22121
6.22121
6.22121
6.22121
6.68244
6.34434
6.33951
6.36022
6.44998
6.36721
6.36512
6.25432
6.25432
6.2641
7.00607
7.35811
7.13667
6.87674
6.5856
6.55984
6.38846
6.27427
6.24033
6.24724
6.23504
6.22121
6.22121
6.22121
6.22121
6.22121
6.22121
7.97374
7.43929
7.05897
6.91445
6.46231
6.33724
6.46167
6.30564
6.24615
6.22121
7.82674
7.35496
7.12012
6.74973
6.75566
6.62915
6.40276
6.296
6.22121
6.22121
6.22121
6.22121
6.22121
6.22121
6.22121
6.22121
6.22121
6.22121
6.22121
6.22121
6.22121
6.22121
6.22121
6.22121
6.22121
6.22121
6.22121
6.22121
6.22121
6.81199
6.67203
6.51979
6.30381
6.44424
7.82944
7.93817
6.97359
7.1049
6.77345
6.57852
7.03387
6.49863
6.35454
6.30321
6.28216
6.25058
6.24457
6.23517
6.22121
6.22121
6.22121
6.91185
6.52162
6.29137
6.26741
6.60591
6.37221
6.29473
6.24583
6.63624
6.71006
6.35715
6.85342
6.50588
6.44536
8.16499
7.47675
7.10392
6.48066
6.37577
6.40722
6.28341
6.28341
6.22121
6.73624
6.42714
6.38959
6.33015
6.22121
6.22121
6.22121
6.22121
6.22121
6.22121
6.94082
6.68138
6.68342
6.42555
6.30987
6.24111
6.24111
6.24111
6.25279
6.22943
6.23376
6.22554
6.22121
6.22121
6.22121
6.22121
6.22121
6.22121
6.22121
6.22121
6.22121
6.22121
6.22121
6.22121
6.22121
6.22121
6.22121
6.22121
6.22121
6.82828
6.58418
6.58075
6.48724
7.03832
6.73649
6.61724
6.24842
6.22121
6.22121
6.22121
6.22121
6.22121
6.22121
6.22121
6.22121
6.22121
6.22121
6.66104
6.56725
6.35242
6.28662
6.22121
6.22121
6.22121
6.22121
6.22121
6.22121
6.22121
6.22121
6.22121
6.58111
6.31969
6.22121
6.22121
6.22121
6.22121
6.22121
6.92462
6.63396
6.66842
6.36193
6.35624
6.25118
6.25118
6.25945
6.73863
6.48942
6.33115
6.33636
6.30293
6.24292
6.23701
6.25281
6.25281
6.23701
6.23701
6.22121
6.22121
6.22121
6.22121
6.97112
6.69099
6.38004
6.22121
6.22121
6.22121
6.22121
6.22121
6.22121
6.69681
6.56595
6.51099
7.17835
7.11565
6.42111
6.33154
6.24244
6.22121
7.89976
7.71328
7.38853
6.95006
6.63998
6.692
6.33555
6.22121
6.22121
6.22121
6.22121
6.22121
6.22121
6.22121
6.22121
6.22121
7.84552
7.29717
6.98553
6.80698
6.80251
6.4981
6.49964
6.40317
6.29269
6.27876
6.29177
6.24724
6.24724
6.85904
6.51653
6.334
6.49961
6.4267
6.33175
6.27514
6.27246
6.22121
6.22121
6.22121
6.22121
6.57359
6.23496
6.22121
6.22121
6.22121
6.22121
6.22121
6.80803
6.65343
6.51089
6.45234
6.33661
6.31568
6.26163
6.26163
6.62724
6.566
6.96012
6.73966
6.5725
6.36684
6.30332
6.22849
6.22607
6.22121
6.22121
6.22121
6.22121
6.22121
6.68597
6.41407
6.36354
6.36388
6.29439
6.25063
6.25063
6.22121
6.22121
6.22121
6.22121
6.22121
6.22121
6.22121
6.22121
6.22121
6.22121
6.56944
6.30719
6.31593
6.25186
6.27365
6.22121
6.22121
6.22121
6.22121
6.91527
6.74632
6.55291
6.38015
7.10168
6.62851
6.5536
6.42666
6.40217
6.42795
6.26661
6.31275
6.31938
6.24469
6.22121
6.22121
6.22121
6.7539
7.02245
7.07803
7.69931
7.85642
7.31285
7.67864
7.35862
7.05848
6.8392
6.67245
6.64156
7.10303
6.84177
6.51328
6.32709
6.28733
6.56735
6.4071
6.26093
6.26093
6.22121
6.22121
6.22121
6.22121
6.22121
6.22121
6.22121
6.22121
6.22121
6.22121
6.22121
6.22121
6.22121
6.22121
6.22121
6.22121
6.22121
6.22121
6.22121
6.22121
6.22121
6.22121
6.22121
6.22121
6.90559
6.41676
6.3771
6.44146
6.35762
6.29295
6.22121
6.22121
6.22121
6.22121
6.22121
6.22121
6.22121
6.22121
6.22121
6.22121
6.22121
6.22121
6.22121
6.22121
6.22121
6.22121
6.22121
6.22121
6.22121
6.22121
6.22121
6.22121
6.22121
6.22121
6.60556
6.42622
6.46458
6.63294
6.54318
6.74744
6.59564
6.512
6.563
6.47612
6.35038
6.32028
6.28495
6.25137
6.24033
6.24556
6.2499
6.22121
6.22121
6.22121
6.83829
6.52044
6.57412
6.38634
6.3534
6.79746
6.48636
7.02264
6.61553
7.13562
6.62144
6.77285
6.50741
6.38009
6.32601
6.22121
6.22121
6.22121
6.22121
6.22121
6.22121
6.91162
6.50828
6.47346
6.34746
6.32604
6.25563
6.22121
6.22121
6.22121
6.22121
6.22121
6.22121
6.22121
6.22121
6.22121
6.22121
6.22121
6.22121
6.69925
6.52883
6.4696
7.04013
7.29472
6.87934
6.55346
6.43843
6.37073
6.23893
6.23893
6.22121
6.22121
6.22121
6.22121
6.22121
6.22121
6.22121
6.22121
6.22121
7.90501
6.85247
6.64414
6.53754
6.50466
6.51179
6.42623
6.34536
6.38748
6.22121
6.22121
6.67286
6.47649
6.34196
6.35406
6.2585
6.2585
6.22121
6.22121
6.22121
6.93922
7.2639
6.99499
8.23151
7.63635
7.38229
6.87676
6.72395
6.60892
6.32987
6.27124
6.31042
6.39301
6.25773
6.25773
6.22121
6.22121
6.61915
6.50353
6.39255
6.28121
6.22121
6.22121
6.22121
6.22121
6.63552
6.45765
6.35566
6.29444
6.41047
6.29444
6.31308
6.29865
6.80348
6.53199
6.53023
6.41461
6.29717
6.884
6.81831
6.78825
6.49754
6.82236
6.5579
6.31008
6.29814
6.22121
6.22121
6.22121
6.22121
6.22121
6.22121
6.22121
6.22121
6.22121
6.22121
6.22121
6.22121
6.22121
6.22121
6.62152
6.75631
6.49095
6.3893
6.28476
6.30807
6.2384
6.22121
6.57057
6.26355
6.22841
6.22121
6.22121
6.22121
6.22121
6.22121
6.22121
6.22121
6.66309
6.32815
6.23858
6.22121
6.22121
6.22121
6.22121
6.22121
6.22121
6.22121
6.22121
6.22121
6.22121
6.22121
6.22121
6.22121
6.44262
6.45822
6.26847
6.23515
6.92234
6.76747
6.54243
6.56979
6.22841
6.22121
6.22121
6.22121
6.22121
6.22121
6.22121
6.22121
6.22121
6.22121
6.22121
6.22121
6.22121
6.22121
6.22121
6.22121
6.85894
7.29266
6.96802
6.67712
6.53714
6.53934
6.47531
6.52014
6.40566
6.30088
6.32808
6.28629
6.27212
6.23737
6.22121
6.22121
6.22121
6.22121
6.22121
6.22121
6.5332
6.4467
6.45807
6.30454
6.24016
6.2281
6.23069
6.22638
6.2238
6.2238
6.22121
6.22121
6.22121
6.22121
6.22121
6.22121
6.22121
6.22121
6.22121
6.22121
6.22121
6.22121
6.22121
6.85565
6.76824
6.43088
6.33068
6.25966
6.24941
7.85198
7.22476
6.88113
6.62983
6.60901
6.33166
6.26569
6.5767
6.28566
6.25066
6.22121
6.22121
6.22121
6.22121
6.22121
6.22121
6.22121
6.22121
6.22121
6.22121
6.48622
6.33323
6.22841
6.22121
6.22121
6.22121
6.22121
6.22121
6.22121
6.22121
6.22121
6.22121
6.22121
6.22121
6.22121
6.22121
6.22121
6.22121
6.22121
6.22121
6.22121
6.22121
6.22121
6.22121
6.22121
6.22121
6.22121
6.69948
7.29356
7.49767
6.87619
6.68066
6.38131
6.31145
6.22121
6.22121
6.22121
6.22121
6.22121
6.22121
6.22121
6.22121
6.22121
6.22121
6.22121
6.68412
6.60655
6.2852
6.23875
6.22121
6.76014
6.79386
6.373
6.23038
6.22121
6.22121
6.22121
6.22121
6.22121
6.22121
6.22121
6.22121
6.22121
6.22121
6.22121
6.22121
6.22121
6.22121
6.57091
6.52113
6.3569
6.29241
6.36361
6.32801
7.01467
6.79908
6.48194
6.26522
6.22121
6.22121
6.22121
6.75694
6.63674
6.46873
6.53616
6.50414
6.44967
6.29119
6.31561
6.25622
6.22121
6.57002
6.34585
6.2388
6.22121
6.22121
6.22121
6.22121
6.22121
6.22121
6.22121
6.22121
6.22121
6.22121
6.22121
6.22121
6.22121
6.22121
6.22121
6.22121
6.22121
6.22121
7.91552
7.65218
6.87213
6.6426
6.89644
6.52214
6.42557
6.44801
6.29186
6.22926
6.73146
6.6183
6.6226
7.92157
7.63189
7.74276
6.83167
6.48436
6.33666
6.24173
6.22121
6.22121
6.22121
6.22121
6.22121
6.66178
7.39823
7.25499
6.66261
6.47246
6.44252
6.44284
6.2795
6.93663
6.62968
6.39223
6.35969
6.29045
6.29045
6.22121
6.22121
6.22121
6.22121
6.22121
6.22121
6.22121
6.22121
6.86878
6.84392
6.97841
6.56858
6.3964
6.23629
6.22121
6.22121
6.22121
6.22121
6.22121
6.22121
6.22121
6.22121
6.22121
6.22121
6.22121
6.22121
6.22121
6.57697
6.30135
6.36397
6.22121
6.22121
6.22121
6.22121
6.22121
6.22121
6.22121
6.22121
6.22121
6.22121
6.22121
