36.2372
33.9712
32.9325
31.8501
31.0452
29.5445
28.2323
27.0588
26.1887
25.5668
24.7812
24.2506
23.8393
23.6257
23.1396
22.6515
22.3819
21.8184
21.7377
21.7675
21.3894
21.1947
21.112
20.9444
20.8806
20.8094
20.7256
20.8354
20.7976
20.7177
20.6381
20.7368
20.6337
20.5429
20.4927
20.567
20.7613
20.4142
20.4369
20.3399
20.3005
20.2435
20.243
20.1082
20.0182
19.9657
19.9412
19.9393
19.9356
20.076
20.0864
19.9766
20.039
20.1234
19.9978
19.659
19.457
19.149
18.7387
18.4931
18.3417
18.2408
18.1077
18.0855
18.0464
17.9565
17.9365
17.9365
17.9365
17.9365
17.9365
17.9365
17.9365
17.9365
17.9365
17.9365
17.9365
17.9365
17.9365
17.9365
17.9365
17.9365
17.9365
17.9365
17.9365
17.9365
17.9365
17.9365
17.9365
17.9365
17.9365
17.9365
17.9365
17.9365
18.2363
18.2724
18.3652
18.2279
18.4651
18.1493
17.9995
17.941
17.8278
17.8173
17.6355
17.624
17.4765
17.3377
17.312
17.0902
17.263
17.1034
16.9025
16.8562
16.8029
16.745
16.7334
16.7027
16.7027
16.7027
16.7027
16.7027
16.7027
16.7027
16.9036
16.8642
17.2716
17.2094
16.9606
16.9102
16.8223
16.6825
16.5631
16.5175
16.5273
16.5212
16.8682
16.9823
16.7555
16.7762
16.6216
16.555
16.5701
16.9565
16.881
16.6653
16.7815
16.9128
16.9266
17.2342
17.0894
16.8495
16.7661
16.6718
16.3944
16.3774
16.193
16.032
15.9424
15.7704
15.6956
15.64
15.617
15.568
15.5593
15.5593
15.555
15.8439
15.7762
15.7469
16.086
16.3927
16.5197
16.2556
16.0929
15.91
15.7948
15.814
15.9556
15.6351
15.5691
15.2724
15.05
14.6762
14.194
14.1408
13.8793
13.6924
14.0569
13.9689
13.8085
13.6418
13.515
13.2202
13.0357
12.9046
12.8039
12.7734
12.7429
12.7337
12.7337
12.7276
12.726
12.726
12.726
12.726
12.726
12.726
12.726
13.09
12.8485
12.8971
12.9366
12.8594
12.7982
13.0728
13.0436
13.0674
12.8849
12.8687
12.8184
12.726
12.726
12.726
12.726
12.726
12.726
12.726
12.726
12.726
12.726
12.726
12.726
12.726
12.726
12.726
12.726
12.726
12.726
12.726
12.726
12.9505
12.84
12.7928
12.7689
12.7277
12.7277
12.7277
12.7269
12.726
12.726
12.726
12.726
12.726
12.726
12.726
12.726
12.726
12.726
12.726
12.726
12.726
12.726
12.9951
12.9614
12.8112
12.747
12.7269
12.7277
12.726
12.726
12.726
12.726
12.726
12.726
12.726
12.726
12.726
12.726
12.726
12.726
12.726
12.726
12.726
12.726
12.726
12.726
13.1384
13.118
13.6651
13.8208
13.852
13.6245
13.4173
13.1997
12.8972
12.7913
12.7972
12.7174
12.6425
12.4937
12.4405
12.3052
12.3226
12.3124
12.2815
12.275
12.275
12.2684
12.4652
12.4082
12.4425
12.4149
12.3898
12.355
12.2485
12.2574
12.7934
12.469
12.7585
12.412
12.3409
12.4701
12.353
12.2385
12.1696
12.1476
12.1476
12.1476
12.1476
12.1476
12.1476
13.1275
12.67
12.5096
12.5251
12.3479
12.2329
12.4897
12.5104
12.3999
12.1671
12.1108
12.0276
11.9785
11.9785
11.9634
11.9597
11.9597
11.9597
11.9597
11.9597
11.9597
12.3607
12.3694
12.2151
12.0039
11.9879
11.9597
11.9597
12.3995
12.316
12.1616
11.9964
11.9467
11.8455
11.7417
11.7185
11.7333
11.7001
11.7455
11.7157
11.7157
11.7208
11.6997
11.6997
11.6997
11.6997
11.6997
11.9629
11.782
11.717
11.6997
11.6997
11.6997
11.6997
11.6997
11.6997
11.6997
11.6997
11.6997
11.6997
11.6997
11.6997
11.6997
11.6997
11.6997
11.6997
11.6997
11.6997
11.6997
11.6997
11.6997
11.6997
11.6997
11.6997
11.6997
11.6997
11.6997
11.6997
11.6997
11.6997
11.6997
11.6997
11.6997
11.6997
11.6997
11.6997
11.6997
11.6997
11.6997
11.6997
11.6997
12.1187
11.902
11.7724
12.1809
11.9231
11.7421
11.9573
11.7644
11.7157
11.7077
11.6997
11.6997
11.6997
11.6997
11.6997
11.6997
11.6997
11.6997
11.6997
11.6997
11.6997
11.6997
11.6997
11.6997
11.6997
11.6997
12.2672
12.1809
12.1481
12.0798
11.7807
11.7441
11.6997
11.6997
11.6997
11.6997
11.6997
11.6997
11.6997
11.6997
11.6997
11.6997
11.6997
11.6997
11.6997
11.6997
11.6997
11.6997
11.6997
11.6997
11.6997
11.6997
11.6997
11.6997
11.6997
11.6997
11.6997
11.6997
11.6997
11.6997
11.6997
11.6997
11.6997
11.6997
11.6997
11.6997
11.6997
11.6997
11.6997
11.6997
11.6997
11.6997
11.6997
11.6997
11.6997
11.6997
11.6997
11.6997
11.6997
11.6997
11.6997
11.6997
11.9794
11.9434
11.8886
11.7865
11.724
11.724
11.6997
11.6997
11.6997
11.6997
11.6997
11.6997
11.6997
11.6997
11.6997
11.6997
11.6997
12.0871
11.9256
11.9158
11.7236
11.6477
11.5211
11.4757
11.7507
11.6186
11.4764
11.4242
11.4149
11.6482
11.5399
11.4325
11.4091
11.8477
11.6786
11.4147
11.4203
11.4203
11.4091
11.4091
11.4091
11.4091
11.6314
11.6055
11.6422
11.5679
11.5194
11.4091
11.4091
11.4091
11.7787
11.792
11.6312
11.6218
11.4475
11.4374
11.4091
11.4091
11.6562
11.7119
11.627
11.8315
11.8105
11.7856
11.6863
11.8745
11.8
11.8404
11.5612
11.5469
11.5135
11.8926
11.9308
11.774
11.5673
11.4039
11.3701
11.3046
11.3091
11.3182
11.3043
11.1652
11.1528
11.1294
11.122
11.078
11.4425
11.6509
11.316
11.6556
11.431
11.6477
11.8074
11.7878
11.6079
11.4205
11.441
11.1375
11.0696
10.9591
10.9176
10.8809
10.8464
10.7523
10.7402
10.7252
10.7074
10.7185
10.7074
10.6963
10.6963
10.6963
10.6963
11.2997
10.9533
11.2914
11.0206
10.8381
10.7541
10.7148
10.6963
10.6963
10.6963
10.6963
10.6963
10.6963
11.0812
10.7762
10.8393
11.3193
11.227
11.0596
10.8223
10.7203
10.7142
10.7008
10.7195
11.126
10.8461
10.8183
10.6963
10.6963
10.6963
10.6963
10.6963
10.9631
11.0608
10.9532
10.8178
10.8921
10.806
10.7612
10.7525
10.75
10.7146
10.6963
10.6963
10.6963
10.6963
11.0903
10.7457
10.7125
10.6999
10.6963
10.6963
10.6963
10.6963
10.6963
10.6963
10.6963
10.6963
10.6963
10.6963
10.6963
10.6963
12.1272
12.1828
11.9017
11.322
10.9908
11.1423
10.8045
10.7319
10.6963
10.6963
10.6963
10.9915
10.9495
10.785
10.864
11.2523
10.9133
11.2812
10.9974
10.7382
11.0232
10.7742
10.85
11.1068
11.0591
10.9629
10.7311
10.6988
10.7001
10.7518
10.5816
10.5816
10.5816
10.5816
10.5816
10.5816
10.5816
10.5816
10.5816
10.5816
10.5816
10.5816
10.5816
10.5816
10.5816
10.5816
10.8525
11.1049
10.7931
10.6808
10.6376
10.6502
10.6017
10.5885
10.5816
10.5816
10.7871
10.7558
10.6707
10.667
10.7142
10.635
10.6172
10.5994
10.5994
10.5816
10.8171
10.7619
10.6091
10.5816
10.5816
10.5816
10.5816
10.5816
10.5816
10.5816
10.5816
10.5816
10.5816
11.0006
11.3644
11.1074
10.8369
10.7314
10.8089
10.7339
10.6907
10.6348
10.6376
11.1337
11.0743
10.987
11.0887
10.8352
10.8886
10.6937
10.5867
10.4789
10.4264
10.9566
10.5609
10.6174
10.6408
10.4877
10.4875
10.4757
10.8551
11.1818
10.9801
10.7518
10.7745
10.6386
11.0581
10.6592
10.6397
10.5445
10.5514
10.8623
10.7434
11.0637
10.7938
10.8083
10.7754
10.5976
10.5289
10.4837
10.4718
10.4469
10.4072
10.4072
10.4072
10.4072
10.4072
10.4072
10.4072
10.4072
10.4072
10.4072
10.7467
10.6001
10.743
11.0793
10.9894
11.1838
11.189
11.0628
10.9723
10.9319
10.9709
10.619
10.6504
10.702
10.6187
10.4675
10.4251
10.4072
10.4072
10.4072
10.4072
10.8027
11.0592
10.8191
10.6765
10.5384
10.5366
10.5086
10.4546
10.4322
10.4322
10.4322
10.4072
10.893
10.5788
10.4699
10.4493
10.4332
10.4252
10.3933
10.3663
10.3468
10.6147
10.4059
10.3468
10.3374
10.299
10.299
10.299
10.299
10.6635
10.8681
10.5871
10.583
10.4142
10.3735
10.3519
10.3785
10.6336
10.7152
10.4734
10.3438
10.299
10.299
10.299
10.299
10.299
10.299
10.299
10.299
10.299
10.299
10.299
10.299
10.299
10.299
10.6062
10.5716
10.5279
10.7797
10.6287
10.5867
10.3792
10.3525
10.299
10.299
10.299
10.299
10.299
10.299
10.299
10.299
10.5528
10.3725
10.3533
10.299
10.299
10.299
10.299
10.299
10.299
10.299
10.299
10.299
10.299
10.6993
10.7105
10.4991
10.4372
10.299
10.299
10.299
10.299
10.299
10.299
10.299
10.299
10.299
10.299
10.299
10.8771
10.6779
10.4936
10.4919
10.836
10.5868
10.4371
10.3955
10.3348
10.299
10.299
10.299
10.299
10.299
10.299
10.299
10.299
10.299
10.299
10.299
10.299
10.299
10.299
10.299
10.299
10.299
10.299
10.299
10.299
10.299
10.299
10.299
10.299
10.299
10.299
10.299
10.299
10.299
10.299
10.299
10.299
10.299
10.299
10.299
10.299
10.299
10.299
10.299
10.299
10.299
10.299
10.299
11.7199
11.2662
10.7333
10.5233
11.9913
11.3065
10.9574
10.4891
10.6557
10.4625
10.2366
10.2443
10.1953
10.1527
10.1118
10.494
10.2351
10.3605
10.233
10.1439
10.1428
10.1093
10.1093
10.1093
10.1093
10.1093
10.1093
10.1093
10.1093
10.1093
10.1093
10.1093
10.1093
10.1093
10.1093
10.1093
10.1093
10.1093
10.1093
10.1093
11.4186
11.09
11.0421
10.6814
10.7978
10.5213
10.3281
10.3207
10.3522
10.1706
10.1093
10.614
10.6361
10.4885
10.6561
10.537
10.2938
10.3124
10.4952
10.3653
10.2912
10.1573
10.1093
10.1093
10.1093
10.1093
10.1093
10.1093
10.1093
10.1093
10.1093
10.1093
10.1093
10.1093
10.1093
10.1093
10.1093
10.1093
10.1093
10.1093
10.1093
10.1093
10.1093
10.1093
10.1093
10.1093
10.1093
10.1093
10.1093
10.1093
10.1093
10.1093
10.1093
10.1093
10.1093
10.6545
10.4104
10.2781
10.8293
11.0315
10.9905
10.4751
10.4085
10.3449
10.3195
10.2067
10.2228
10.1575
10.1334
10.1093
10.1093
10.1093
10.1093
10.1093
10.1093
10.1093
10.1093
10.6145
10.5789
10.4789
10.363
10.3864
10.1994
10.2672
10.1873
10.1667
10.1373
10.1093
10.1093
10.1093
10.5652
10.711
10.4254
10.2994
10.1976
10.1784
10.1901
10.1318
10.1138
10.1093
10.1093
10.1093
10.1093
10.1093
10.1093
10.1093
10.1093
10.1093
10.1093
10.1093
10.1093
10.1093
10.1093
10.1093
10.1093
10.1093
10.1093
10.1093
10.1093
10.1093
10.1093
10.1093
10.1093
10.1093
10.1093
10.1093
10.1093
10.1093
10.1093
10.5792
10.6118
10.3271
10.2395
10.2034
10.2034
10.1093
10.4645
10.7225
10.469
10.6204
10.7508
10.6719
10.3663
10.3666
10.1928
10.1093
10.1093
10.1093
10.1093
10.1093
10.1093
10.1093
10.1093
10.1093
10.1093
10.1093
10.1093
10.1093
10.1093
10.1093
10.1093
10.1093
10.1093
10.1093
10.1093
10.1093
10.1093
10.1093
10.6748
10.4467
10.2299
10.2327
10.1317
10.114
10.1093
10.1093
10.1093
10.1093
10.1093
10.1093
10.1093
10.1093
10.1093
10.1093
10.1093
10.1093
10.1093
10.1093
10.1093
10.1093
10.1093
10.1093
10.1093
10.1093
10.1093
10.1093
10.1093
10.4991
10.4191
10.3787
10.2677
10.2099
10.257
10.1516
10.1375
10.1351
10.121
10.1146
10.6573
10.6347
10.3656
10.2502
10.1768
10.1093
10.1093
10.1093
10.1093
10.1093
10.1093
10.1093
10.1093
10.1093
10.1093
10.1093
10.4619
10.6063
10.3972
10.3673
10.2857
10.2306
10.1803
10.133
10.1093
10.1093
10.1093
10.1093
10.1093
10.1093
10.1093
10.1093
10.1093
10.6152
10.9103
11.1247
10.6311
10.4709
10.414
10.3867
10.3488
10.7196
10.474
10.3747
10.3968
10.4731
10.4692
10.3514
10.5411
10.5011
10.2745
10.1647
10.1419
10.1419
10.1745
10.371
10.3159
10.2186
10.1093
10.1093
10.1093
10.1093
10.1093
10.1093
10.1093
10.1093
10.1093
10.1093
10.1093
10.1093
10.1093
10.1093
10.1093
10.1093
10.1093
10.1093
10.1093
10.1093
10.1093
10.1093
10.1093
10.1093
10.1093
10.1093
10.1093
10.1093
10.1093
10.1093
10.1093
10.1093
10.1093
10.1093
10.1093
10.1093
10.1093
10.1093
10.1093
10.1093
10.1093
10.1093
10.1093
10.1093
10.1093
10.1093
10.1093
10.1093
10.1093
10.1093
10.1093
11.5311
10.8609
10.5549
10.6152
10.5307
10.84
10.6625
10.9478
10.5626
10.3075
10.2347
10.1266
10.1189
10.1093
10.1093
10.1093
10.1093
10.1093
10.1093
10.1093
10.1093
10.1093
10.1093
10.1093
10.1093
10.1093
10.1093
10.1093
10.1093
10.1093
10.1093
10.1093
10.1093
10.1093
10.1093
10.1093
10.1093
10.1093
10.1093
11.4708
10.8714
10.7009
10.5432
10.4894
10.8165
10.825
10.5251
10.4474
10.4557
10.4599
10.9447
11.043
10.9989
10.7221
10.8826
10.6244
10.3636
10.2943
10.1968
11.5524
11.0775
11.5278
11.464
11.2314
11.0603
10.9511
10.5342
10.9233
10.5299
10.3916
10.4712
10.2945
10.2121
10.9571
10.8549
10.7035
10.4317
10.3398
10.1655
10.1893
10.1093
10.1093
10.3939
10.3336
10.2479
10.1458
10.113
10.3723
10.174
10.1305
10.1199
10.1093
10.1093
10.1093
10.1093
10.1093
10.1093
10.1093
10.1093
10.6073
10.3324
10.4188
10.2592
10.2265
10.1261
10.1261
10.1093
10.1093
10.1093
10.1093
10.1093
10.1093
10.1093
10.1093
10.1093
10.1093
10.1093
10.1093
10.1093
10.1093
10.1093
10.1093
10.1093
10.4017
10.3806
10.2927
10.2392
10.1598
10.3638
10.3843
10.1888
10.161
10.6548
10.4569
10.3209
10.2141
10.1431
10.3515
10.2464
10.1277
10.1277
10.1093
10.1093
10.1093
10.5972
10.8758
11.1797
10.5445
10.4032
10.3158
10.5323
10.2804
10.1349
10.1136
10.4697
10.5454
10.42
10.296
10.2538
10.2206
10.5877
10.4086
10.2255
10.2965
10.2397
10.4642
10.7153
10.5778
10.3103
10.156
10.1541
10.1317
10.1317
10.1093
10.1093
10.1093
10.1093
10.1093
10.1093
10.1093
10.1093
10.1093
10.4383
10.3107
10.4817
10.4205
10.3245
10.3808
10.2173
10.122
10.1152
10.1093
10.1093
10.1093
10.1093
10.1093
10.1093
10.1093
10.1093
10.1093
10.1093
10.1093
10.1093
10.1093
10.1093
10.1093
10.1093
10.1093
10.1093
10.1093
10.1093
10.1093
10.1093
10.1093
10.1093
10.1093
10.1093
10.1093
10.1093
10.5647
10.5031
10.292
10.5044
10.3234
10.133
10.4625
10.2153
10.2553
10.177
10.177
10.1714
10.1644
10.1093
10.1093
10.1093
10.1093
10.1093
10.1093
10.1093
10.1093
10.1093
10.1093
10.1093
10.1093
10.1093
10.1093
10.1093
10.1093
10.1093
10.1093
10.1093
10.1093
10.1093
10.1093
10.1093
10.1093
10.1093
10.1093
10.1093
10.1093
10.1093
10.1093
10.1093
10.1093
10.6042
10.6112
10.472
10.307
10.2434
10.1817
10.1553
10.1824
10.1093
10.1093
10.1093
10.1093
10.1093
10.1093
10.1093
10.4983
10.4618
10.4317
10.362
10.2905
10.3277
10.3677
10.2212
10.131
10.1526
10.131
10.1093
10.1093
10.1093
10.1093
10.1093
10.3994
10.3247
10.1362
10.134
10.1093
10.1093
10.1093
10.1093
10.1093
10.1093
10.1093
10.1093
10.1093
10.1093
10.1093
10.1093
10.1093
10.1093
10.1093
10.1093
10.1093
10.1093
10.1093
10.1093
10.1093
10.1093
10.1093
10.1093
10.1093
10.4809
11.0852
10.8146
10.3513
10.2467
10.1415
10.1093
10.6351
10.4575
10.3076
10.2801
10.6885
10.7005
10.7012
10.5486
10.5101
10.445
10.3223
10.2665
10.1946
10.1976
10.1237
10.1372
10.1205
10.1205
10.1093
10.3853
10.1998
10.1442
10.129
10.129
10.1093
10.1093
10.1093
10.1093
10.5496
10.471
10.3997
10.3695
10.2518
10.1637
10.1655
10.1372
10.1093
10.1093
10.1093
10.1093
10.1093
10.1093
10.1093
10.1093
10.1093
10.1093
10.1093
10.1093
10.1093
10.1093
10.1093
10.1093
10.1093
10.1093
11.149
11.2793
10.9342
10.3015
10.2694
10.2982
10.2583
10.1522
10.1249
10.1093
10.1093
10.1093
10.1093
10.1093
11.5292
10.9691
10.5408
10.4706
10.2308
10.3064
10.1649
10.1449
10.1212
10.1093
10.1093
10.1093
10.1093
10.1093
10.1093
10.1093
10.1093
10.1093
10.1093
10.1093
10.1093
10.1093
10.1093
10.1093
10.1093
10.1093
10.1093
10.1093
10.1093
10.1093
10.1093
10.4752
10.4656
10.3802
10.3089
10.2917
10.2445
10.1508
10.153
10.1349
10.1093
10.1093
10.1093
10.1093
10.1093
10.1093
10.1093
10.1093
10.1093
10.1093
11.6185
11.0451
10.6248
10.6387
10.5581
10.2794
10.2553
10.1867
10.4294
10.3376
10.2252
10.2116
10.2735
10.302
10.285
10.2633
10.1491
10.1225
10.1225
10.1225
10.6222
10.9854
10.7679
10.7573
10.5362
10.6553
10.5229
10.7998
10.738
10.4409
10.3279
10.321
10.2672
10.6279
10.5708
10.3355
10.2366
10.2674
10.2216
10.6005
10.6347
10.3617
10.2536
10.2411
10.2238
10.1685
10.1412
10.1412
10.155
10.1704
10.1248
10.1093
10.638
10.5268
10.3822
10.2575
10.2912
10.1858
10.1719
10.1093
10.2451
10.1501
10.1926
10.1798
10.1093
10.1093
10.1093
10.1093
10.1093
10.1093
10.1093
10.1093
10.1093
10.1093
10.1093
10.1093
10.1093
10.1093
10.1093
10.1093
10.1093
10.1093
10.1093
10.1093
10.1093
10.1093
10.1093
10.1093
10.1093
10.1093
10.1093
10.1093
10.1093
10.1093
10.1093
10.5289
10.485
10.3375
10.4396
10.8321
10.7652
10.3202
10.2081
10.2505
10.1339
10.1093
10.5536
10.4114
10.2179
10.1549
10.1171
10.1093
10.1093
10.1093
10.1093
10.1093
10.1093
10.1093
10.1093
10.1093
10.1093
11.5025
11.0179
10.7068
10.2611
10.6014
10.5382
10.337
10.3826
10.3735
10.2313
10.2344
10.2092
10.1479
10.1093
10.1093
10.3922
10.5301
10.4433
10.6255
10.3499
10.2317
10.2298
10.4882
10.4373
10.3993
10.2909
10.2112
10.1407
10.1407
10.1093
10.1093
10.1093
10.1093
10.1093
10.1093
10.1093
10.1093
10.1093
10.1093
10.1093
10.1093
10.1093
10.1093
10.1093
10.1093
10.1093
10.1093
10.1093
10.1093
10.1093
10.1093
10.1093
10.1093
10.1093
10.1093
10.1093
10.4262
10.3067
10.199
10.129
10.1093
10.1093
10.1093
10.1093
10.1093
10.1093
10.1093
10.1093
10.1093
10.1093
10.4703
10.2948
10.2826
10.1301
10.1093
10.1093
10.1093
10.1093
10.1093
10.1093
10.1093
10.1093
10.1093
10.1093
10.1093
10.1093
10.1093
10.1093
10.1093
10.1093
10.1093
10.1093
10.1093
10.1093
10.1093
10.1093
10.1093
10.1093
10.1093
10.1093
10.1093
10.1093
10.1093
10.1093
10.4467
10.2848
10.5846
10.4135
10.2546
10.1932
10.1492
10.1487
10.4456
10.3321
10.2369
10.1721
10.1475
10.1374
10.1093
10.613
10.3159
10.1971
10.4694
10.3213
10.396
10.2271
10.6404
10.4867
10.2908
10.3153
10.3153
10.1093
10.5119
10.246
11.7362
11.7108
11.2083
11.0258
10.6397
10.3956
10.3056
10.2129
10.2896
10.6204
10.3553
10.2597
10.245
10.2166
10.2611
10.1209
10.1093
10.1093
10.1093
10.1093
10.1093
10.1093
10.1093
10.1093
10.1093
10.1093
10.1093
10.1093
10.1093
10.1093
10.1093
10.1093
10.1093
10.1093
10.4027
10.3405
10.2276
10.1317
10.1093
10.1093
11.5337
10.834
10.4826
10.3795
10.1706
10.1093
10.1093
10.1093
10.1093
10.1093
10.569
10.431
10.2392
10.2545
10.3254
10.2788
10.1314
10.1105
10.1138
10.1138
10.1093
10.1093
10.1093
10.1093
10.1093
10.1093
10.4475
10.7009
10.7219
10.8183
10.5874
10.4764
10.2985
10.2446
10.1876
10.1752
10.1874
10.1546
10.1411
10.1093
10.1093
10.1093
10.1093
10.1093
10.4062
10.3514
10.5824
10.5022
10.6976
10.4245
10.243
10.1916
10.1151
10.1151
10.1208
10.1151
10.1093
10.1093
10.1093
10.1093
10.5084
10.3603
10.1566
10.1093
10.1093
10.1093
10.1093
10.1093
10.1093
10.1093
10.1093
10.1093
10.1093
10.1093
10.1093
11.5964
11.2192
10.9645
10.6231
10.4862
10.6021
10.3693
10.1824
10.1093
10.3664
10.2706
10.1966
10.4287
10.1277
10.1097
10.1097
10.1093
10.1093
10.1093
10.1093
10.1093
10.1093
10.1093
10.1093
10.1093
10.1093
10.1093
10.1093
10.1093
10.1093
10.1093
10.1093
10.1093
10.1093
10.1093
10.1093
10.1093
10.1093
10.1093
10.1093
10.7042
10.8782
10.3928
10.5158
10.6873
10.904
10.4317
10.2862
10.6617
10.4992
10.4955
10.3858
10.8202
10.6946
10.4855
10.2219
10.1252
11.6003
11.0306
10.7916
10.6981
10.3028
10.5918
10.6335
10.5453
10.5069
10.3593
10.3267
10.2909
10.2337
10.2678
10.2122
10.1769
10.0971
10.0726
10.0648
10.0648
10.0648
10.6431
10.5335
10.4142
10.4698
10.4433
10.144
10.0966
10.0954
10.0648
10.3877
10.2924
10.1577
10.0648
10.4084
10.1851
10.1335
10.1122
10.0648
10.0648
10.0648
10.0648
10.0648
10.0648
10.0648
10.0648
10.0648
10.418
10.2387
10.1955
10.1404
10.132
10.1258
10.2024
10.1807
10.2649
10.0896
10.0896
10.0648
10.0648
10.0648
10.4227
10.2653
10.0993
10.0648
10.0648
10.0648
10.0648
10.0648
10.0648
10.0648
10.0648
10.0648
10.0648
10.0648
10.0648
10.0648
10.0648
10.0648
10.0648
10.0648
10.0648
10.0648
10.4458
10.5446
10.3684
10.5101
10.211
10.1705
10.1112
10.1134
10.1727
10.1202
10.0935
10.0648
10.0648
10.0648
11.2916
11.5082
11.1036
10.7138
10.3967
10.4672
10.2809
10.1068
10.0795
10.0795
10.0648
10.504
10.4281
10.2632
10.1736
10.0937
10.0948
10.1162
10.0781
10.0648
10.0648
10.0648
10.0648
10.0648
10.0648
10.0648
10.0648
10.0648
10.5214
10.5882
10.3959
10.4206
10.5709
10.9536
10.481
10.4458
10.8924
10.5785
10.2759
10.2144
10.1435
10.0717
10.5351
10.3008
10.2962
10.0948
9.97131
9.89969
9.88138
9.8842
11.3788
11.0651
10.5646
10.1182
10.1342
10.0678
9.97432
9.89498
9.90046
9.85945
9.85945
9.85945
9.85397
9.85397
9.85397
9.85397
9.85397
9.85397
9.85397
11.3329
10.9079
10.739
10.4176
10.2801
10.1421
10.0196
9.92307
9.89907
9.89012
9.85397
9.85397
9.85397
9.85397
9.85397
9.85397
9.85397
9.85397
10.3363
10.0909
9.95334
9.91466
9.85397
9.85397
9.85397
9.85397
9.85397
9.85397
9.85397
9.85397
9.85397
9.85397
9.85397
9.85397
9.85397
9.85397
9.85397
9.85397
10.147
10.5215
10.1699
10.3874
10.2621
10.0775
9.98879
9.97323
9.91344
10.1907
10.1949
10.1386
9.95464
9.86422
9.85397
9.85397
9.85397
9.85397
9.85397
9.85397
9.85397
9.85397
9.85397
9.85397
9.85397
9.85397
10.1457
10.0495
10.0807
10.0178
9.90524
9.89421
10.2517
9.98204
9.89293
9.88319
10.198
10.0163
9.96186
10.1181
10.0217
10.1018
9.91343
9.85397
9.85397
9.85397
9.85397
9.85397
9.85397
9.85397
9.85397
9.85397
9.85397
9.85397
9.85397
9.85397
9.85397
9.85397
9.85397
9.85397
9.85397
9.85397
9.85397
9.85397
9.85397
9.85397
9.85397
9.85397
9.85397
9.85397
9.85397
9.85397
9.85397
9.85397
9.85397
11.1602
10.8117
10.1962
10.2436
9.98823
9.91532
9.85397
9.85397
10.2898
10.2112
10.0304
9.96748
9.90897
9.89902
9.88155
9.87483
9.86879
9.85397
9.85397
9.85397
9.85397
9.85397
9.85397
9.85397
9.85397
9.85397
11.0969
10.5724
10.3372
11.388
10.7885
10.4527
10.6462
10.3717
10.0096
9.91759
9.92943
9.87596
9.86605
10.24
9.87962
9.85397
9.85397
9.85397
9.85397
9.85397
9.85397
9.85397
9.85397
9.85397
9.85397
9.85397
9.85397
9.85397
9.85397
9.85397
9.85397
9.85397
11.1258
10.8973
10.9191
11.1168
11.0357
12.0267
11.0588
10.6792
10.2883
9.99177
9.93527
9.91726
9.87385
9.86391
9.85397
9.85397
9.85397
9.85397
9.85397
10.3121
10.082
9.9141
9.85397
9.85397
9.85397
11.2284
10.7936
10.4973
10.5323
10.2453
10.0435
9.93283
9.88199
9.85397
9.85397
9.85397
9.85397
9.85397
9.85397
9.85397
9.85397
9.85397
9.85397
9.85397
9.85397
10.3539
10.3109
10.2397
9.89865
9.85397
9.85397
9.85397
9.85397
9.85397
9.85397
9.85397
9.85397
9.85397
9.85397
9.85397
10.3291
10.2269
10.0405
9.87172
9.85397
9.85397
9.85397
9.85397
9.85397
9.85397
9.85397
9.85397
9.85397
9.85397
10.4409
10.2283
10.0486
9.89276
9.85397
9.85397
9.85397
9.85397
9.85397
9.85397
9.85397
9.85397
9.85397
9.85397
9.85397
9.85397
10.0937
9.99856
10.0176
10.1302
9.98358
10.0533
9.92061
9.87175
9.87175
9.85397
9.85397
9.85397
9.85397
9.85397
9.85397
9.85397
9.85397
9.85397
9.85397
10.0598
9.98621
9.98134
9.95769
9.93303
9.85986
9.85397
9.85397
9.85397
9.85397
9.85397
9.85397
9.85397
9.85397
9.85397
9.85397
9.85397
9.85397
9.85397
10.4584
10.2355
9.89907
9.8618
10.3868
10.2062
10.4799
10.3795
10.0206
9.96007
9.91845
9.92064
11.3835
11.1671
10.9502
10.7292
10.5734
10.1969
10.0659
9.91113
9.87226
9.85397
9.85397
9.85397
9.85397
9.85397
9.85397
9.85397
9.85397
9.85397
9.85397
9.85397
9.85397
9.85397
9.85397
9.85397
9.85397
9.85397
9.85397
9.85397
9.85397
10.0565
10.0182
10.0308
10.1167
10.0046
9.89872
9.86145
9.85899
9.87849
9.87723
9.87723
9.85397
10.3451
10.0857
10.0143
9.90404
9.90404
9.85397
9.85397
9.85397
9.85397
9.85397
9.85397
9.85397
9.85397
9.85397
9.85397
9.85397
9.85397
9.85397
9.85397
9.85397
10.2545
10.3055
10.6628
10.4162
10.2335
10.0291
10.3976
10.2416
9.91302
9.97318
9.91831
10.297
9.9607
9.9308
11.2333
10.9708
10.8615
10.7387
10.6554
10.5095
10.3116
10.1682
10.1042
10.3583
10.15
10.094
10.37
10.5932
10.2149
9.95749
9.97284
9.9338
10.0533
9.9001
9.84869
9.81947
9.81947
9.81947
9.81947
9.81947
9.81947
9.81947
9.81947
9.81947
9.81947
9.81947
9.81947
10.1423
9.99402
10.1159
9.98745
9.9112
9.92794
9.92161
9.85005
9.84249
9.81947
9.81947
9.81947
9.81947
11.5073
11.2201
10.7906
10.6446
10.2738
10.1956
10.0189
9.88224
9.86216
9.84522
10.1631
9.92376
9.83348
9.82277
9.82607
9.82277
9.81947
9.81947
9.81947
9.81947
9.81947
9.81947
9.81947
10.3883
10.3527
10.243
10.2163
10.2642
10.0809
10.0354
9.92027
9.87262
9.84113
9.81947
9.81947
10.0882
10.0457
10.2064
10.0042
9.87422
10.1772
10.0483
10.0075
9.87489
9.81947
9.81947
9.81947
9.81947
9.81947
9.81947
9.81947
9.81947
9.81947
9.81947
9.81947
9.81947
9.81947
9.81947
9.81947
9.81947
9.81947
9.81947
9.81947
9.81947
9.81947
9.81947
9.81947
9.81947
9.81947
10.1158
10.0357
9.90537
9.82815
9.82542
9.82245
9.81947
9.81947
9.81947
9.81947
9.81947
9.81947
9.81947
9.81947
9.81947
9.81947
9.81947
9.81947
9.81947
10.0725
9.95712
9.96482
10.2261
9.96853
9.85232
9.90087
9.94088
9.93435
9.89838
9.87127
9.94245
10.513
10.3561
10.0617
9.89252
9.82353
9.82759
9.81947
9.81947
9.81947
9.81947
9.81947
9.81947
9.81947
9.81947
9.81947
9.81947
9.81947
9.81947
9.81947
9.81947
9.81947
9.81947
9.81947
9.81947
9.81947
9.81947
9.81947
9.81947
9.81947
9.81947
9.81947
9.81947
9.81947
9.81947
9.81947
10.3633
10.4435
10.1172
10.0177
10.0293
9.9594
9.88754
9.87083
9.83043
9.81947
10.3069
10.2209
9.9867
9.83336
9.84724
9.81947
9.81947
9.81947
9.81947
9.81947
9.81947
9.81947
9.81947
9.81947
9.81947
9.81947
9.81947
9.81947
9.81947
9.81947
9.81947
9.81947
9.81947
9.81947
9.81947
9.81947
11.0021
10.4107
10.4683
10.2556
10.0096
10.0287
10.1108
9.95534
9.92138
10.4095
9.94947
10.1123
9.88798
9.9182
9.988
9.99908
9.94622
9.81947
9.81947
9.81947
9.81947
9.81947
9.81947
9.81947
9.81947
10.2104
10.5916
10.2833
10.1246
10.1457
10.2687
10.0891
9.99015
9.99668
9.87801
9.87801
9.81947
9.81947
9.81947
9.81947
9.81947
9.81947
9.81947
9.81947
9.81947
9.81947
9.81947
9.81947
9.81947
9.81947
9.81947
9.81947
10.4506
10.3282
10.321
10.7186
10.3274
10.1894
10.052
9.88162
9.84112
9.81947
9.81947
9.81947
9.81947
9.81947
9.81947
9.81947
9.81947
9.81947
9.81947
9.81947
9.81947
9.81947
9.81947
9.81947
9.81947
10.2144
9.94639
9.85177
9.87427
9.85203
9.86356
9.86356
9.8898
9.84253
9.831
9.81947
9.81947
9.81947
9.81947
9.81947
9.81947
10.344
10.1637
10.0669
10.0192
10.0431
9.87827
10.3452
10.2317
10.5042
10.2828
10.234
10.8705
10.6868
10.4478
10.0978
9.9714
9.90227
9.81947
9.81947
9.81947
9.81947
9.81947
9.81947
9.81947
9.81947
9.81947
10.3836
10.8579
10.7785
10.4494
10.6503
10.4439
10.0157
9.86731
9.8553
9.85575
9.85206
9.87984
9.8042
9.79948
9.79948
9.79002
9.79002
10.2784
10.2072
10.3027
10.3103
10.604
10.3722
10.1313
10.1138
9.9878
9.90634
9.84423
10.3374
10.1399
9.92347
11.3699
10.7103
10.755
10.4916
10.0459
10.1147
9.95646
9.90123
9.89244
9.82965
10.1624
10.0184
9.91375
10.2295
9.99597
9.90568
9.90568
9.84785
9.84785
9.90019
9.80408
9.80408
9.80408
9.79002
11.1965
11.1138
10.4518
10.2679
9.94074
9.93237
9.87033
10.1265
9.92833
9.8731
10.2969
10.3288
10.1042
10.2648
10.1265
10.1222
9.89788
9.88967
9.80676
9.80181
9.80118
9.80118
9.7956
9.79002
9.79002
9.79002
9.79002
9.79002
9.79002
9.79002
9.79002
9.79002
10.0936
9.92387
9.87328
9.89623
9.80971
9.79002
9.79002
9.79002
9.79002
9.79002
9.79002
9.79002
10.0381
10.02
9.90692
10.4303
10.1052
10.1729
9.98252
9.98106
10.4854
10.2245
9.91347
9.83026
9.81487
9.79002
9.79002
9.79002
10.1256
9.97084
9.85854
9.8573
9.8111
9.8111
9.83218
9.83218
9.83305
9.8111
9.79002
9.79002
9.79002
9.79002
9.79002
9.79002
9.79002
9.79002
9.79002
9.79002
9.79002
9.79002
9.79002
9.79002
9.79002
10.2101
10.2651
10.3061
10.3224
10.2718
10.2132
10.0031
10.0088
9.90215
9.848
9.84833
9.81917
10.1791
10.2139
10.1255
9.87217
9.79002
9.79002
9.79002
9.79002
10.2514
10.3907
10.5385
10.387
10.2348
10.0641
9.84653
9.84868
9.8454
9.82661
9.79002
9.79002
9.79002
9.79002
10.0284
10.5693
10.2213
10.1045
10.1305
10.1099
10.0353
9.85167
9.88678
9.80481
9.79549
9.79002
9.79002
9.79002
9.79002
9.79002
9.79002
9.79002
9.79002
9.79002
9.79002
10.2844
10.0866
9.96372
9.96642
9.85412
9.79002
10.2387
10.0158
10.0376
9.93291
9.92237
9.90584
9.85667
9.80861
9.80861
9.81735
9.80019
9.79002
9.79002
9.79002
9.79002
9.79002
10.3343
10.5786
10.2553
10.061
9.80363
11.1737
10.7475
10.5684
10.8814
10.569
10.2496
10.1156
10.046
9.85005
9.80324
9.80324
9.79002
10.1268
9.8204
9.79002
9.79002
9.79002
9.79002
9.79002
10.2789
10.2038
10.0561
10.0782
9.90289
9.85647
9.86525
9.91435
9.80524
9.79002
9.79002
9.79002
10.3683
10.2632
10.0496
9.91265
9.8369
9.89404
9.87289
9.82063
9.79002
9.79002
9.79002
9.79002
9.79002
9.79002
9.79002
9.79002
9.79002
9.79002
10.2526
9.96273
9.97325
9.94006
9.89923
10.128
9.99143
9.97725
9.85601
9.83265
9.79458
9.79914
9.79002
9.79002
9.79002
9.79002
9.79002
9.79002
9.79002
9.79002
11.2496
10.4243
10.326
10.128
9.93941
9.93026
9.89982
9.88939
9.79002
9.79002
9.79002
9.79002
9.79002
9.79002
11.1127
10.5479
10.0784
10.0983
9.86693
9.80854
10.1711
9.96519
9.80391
9.79002
9.79002
9.79002
9.79002
9.79002
9.79002
9.79002
9.79002
9.79002
9.79002
9.79002
9.79002
9.79002
9.79002
9.79002
9.79002
9.79002
9.79002
9.79002
9.79002
9.79002
10.0541
9.82993
9.80997
9.79002
9.79002
9.79002
9.79002
9.79002
9.79002
9.79002
9.79002
9.79002
9.79002
9.79002
9.79002
9.79002
9.79002
9.79002
9.79002
9.79002
9.79002
9.79002
9.79002
9.79002
9.79002
9.79002
9.79002
9.79002
9.79002
9.79002
9.79002
9.79002
9.79002
10.1282
9.91728
9.89094
9.92055
9.83123
9.81908
9.81031
9.79002
10.1364
10.0363
10.1675
10.1203
9.99844
9.89621
9.85421
9.79002
9.79002
9.79002
9.79002
9.79002
11.1675
10.9067
10.519
10.5004
10.4355
10.2187
10.0901
9.91774
9.92846
9.94359
9.90216
9.91279
9.95044
9.93564
9.84119
9.84946
9.81657
9.84952
9.83628
9.83759
9.80749
9.83876
9.83061
9.80866
9.79002
9.79002
9.79002
9.99074
11.1693
11.3311
10.8772
10.5926
11.0267
11.2148
11.0593
10.9173
10.9235
10.4409
10.2273
10.0275
9.8679
9.92642
9.89428
10.1387
9.9532
9.86421
9.86421
9.86494
9.81955
9.82231
9.81462
9.81462
9.79002
9.79002
9.79002
9.79002
9.79002
9.79002
9.79002
10.2487
10.1044
9.93912
9.8992
9.85975
9.82061
9.81901
9.79482
9.79002
9.79002
9.79002
9.79002
9.79002
9.79002
9.79002
9.79002
9.79002
9.79002
9.79002
9.79002
9.79002
9.79002
9.79002
10.3269
10.3004
10.1129
9.98996
9.79864
9.80725
9.8264
9.80725
9.79864
9.79002
9.79002
10.2036
10.0605
10.0415
10.0694
9.98019
9.80013
9.80013
9.80013
9.80013
9.80013
9.80013
9.80013
9.79002
9.79002
9.79002
9.79002
9.79002
9.79002
9.79002
9.79002
9.79002
9.79002
9.79002
9.79002
9.79002
9.79002
9.79002
9.79002
9.79002
9.79002
9.79002
9.79002
10.2119
10.0533
9.99752
10.0979
9.95928
9.90344
9.82461
9.81246
9.80031
9.79516
9.79002
9.79002
10.0782
9.95938
10.0652
9.98307
9.83934
9.88866
9.83729
9.79775
9.79511
9.79002
9.79002
9.79002
10.3149
10.223
10.1035
10.2096
9.94083
10.323
10.1413
9.84875
9.79436
9.80304
9.7987
9.79436
9.79002
9.79002
10.2936
9.87324
9.8861
9.89933
10.2892
10.2784
10.5218
10.4228
10.5755
10.4024
10.0107
10.0381
9.91262
9.79002
9.79002
9.79002
9.79002
9.79002
9.79002
9.79002
9.79002
9.79002
9.79002
9.79002
9.79002
9.79002
9.99527
9.89216
9.82623
9.82691
9.82691
10.1204
9.84935
9.81541
9.81518
9.7958
10.1626
9.84712
9.79387
9.79387
9.79002
9.79002
9.79002
9.79002
9.79002
9.79002
10.3794
10.4908
10.3273
10.312
9.94126
9.85526
9.83202
9.9151
9.85493
9.84851
9.80651
9.80651
9.79002
9.79002
9.79002
9.79002
9.79002
9.79002
9.79002
9.79002
9.79002
9.79002
9.79002
9.79002
10.3604
9.95192
9.86678
9.80747
10.0687
9.83539
9.79926
9.79002
9.79002
9.79002
9.79002
9.79002
9.79002
9.79002
10.161
10.0528
9.92943
9.81308
9.82461
9.80155
9.80628
9.79948
9.8042
9.80893
9.79475
9.79948
9.79948
9.8042
9.79948
9.79002
9.79002
9.79002
9.79002
9.79002
9.79002
9.79002
9.79002
9.79002
9.79002
9.79002
9.79002
9.79002
9.79002
9.79002
9.79002
9.79002
9.79002
9.79002
9.79002
9.79002
9.79002
9.79002
9.79002
10.0595
10.0478
9.92414
9.87839
9.94839
9.98717
10.0658
9.85098
9.8191
9.84819
9.79002
9.79002
9.79002
9.79002
9.79002
9.79002
9.79002
9.79002
9.79002
9.79002
9.79002
9.79002
9.79002
9.79002
9.79002
9.79002
9.79002
10.0821
9.98578
9.80273
9.79637
9.79002
9.79002
10.1085
10.0224
10.0756
9.80778
9.84002
9.85732
9.82225
9.81409
10.1705
9.89484
9.88372
9.83542
9.81265
9.79002
9.79002
9.79002
9.79002
9.79002
9.79002
9.79002
9.79002
9.79002
9.79002
9.79002
9.79002
9.79002
9.79002
9.79002
9.79002
9.79002
9.79002
9.79002
9.79002
10.256
10.1015
10.0137
9.87463
9.79002
10.2188
10.1399
10.5216
10.1664
10.0067
9.96013
9.86126
9.79002
9.79002
9.79002
9.79002
9.79002
9.79002
9.79002
9.79002
9.79002
9.79002
9.79002
9.79002
9.79002
10.045
9.92826
9.81922
9.79002
9.79002
9.79002
9.79002
9.79002
9.79002
9.79002
9.79002
10.3342
10.1235
10.5846
10.1009
9.93554
9.84003
9.84003
9.81502
9.79002
9.79002
9.79002
9.79002
9.79002
9.79002
9.79002
9.79002
9.79002
9.79002
9.79002
9.79002
9.79002
9.79002
9.79002
9.79002
9.79002
10.3179
10.1333
10.0688
10.1761
10.5609
10.4108
10.2554
10.0026
9.87518
9.99256
9.8577
9.84744
9.83088
9.79002
9.79002
9.79002
9.79002
9.79002
9.79002
9.79002
9.79002
9.79002
9.79002
9.79002
9.79002
9.79002
9.79002
9.79002
9.79002
9.79002
10.2359
11.7778
11.0318
10.7087
10.3232
10.2573
10.122
10.1516
10.1411
10.0452
9.90636
9.85961
9.86033
9.84313
9.79953
10.3007
10.073
9.93642
10.0897
9.95326
10.3531
9.97321
9.85769
9.79002
9.79002
9.79002
9.79002
9.79002
9.79002
9.79002
9.79002
9.79002
9.79002
9.79002
9.79002
9.79002
9.79002
10.0308
9.94685
9.98457
9.86098
9.81252
9.79002
9.79002
9.79002
9.79002
9.79002
10.3978
10.6115
10.3294
9.92582
9.87704
9.81025
9.79328
9.79002
10.0572
9.79002
9.79002
9.79002
9.79002
9.79002
9.79002
9.79002
9.79002
9.79002
9.79002
9.79002
9.79002
9.79002
9.79002
9.79002
9.79002
10.304
10.2217
10.0291
9.91359
9.92565
9.82128
9.8268
9.79554
9.79554
9.79554
10.0584
9.95341
9.8881
9.93204
9.8246
10.1495
9.86719
9.80501
9.79002
9.79002
9.79002
9.79002
9.79002
10.2647
10.0256
9.89991
9.85299
9.80505
9.79503
9.79503
9.80004
9.80004
10.1249
9.95731
9.85984
9.83089
9.93413
9.89425
9.89425
9.89425
9.81897
9.84162
9.81267
9.81267
9.79002
9.79002
9.79002
9.79002
10.1357
9.97034
9.89935
9.79002
9.79002
9.79002
9.79002
9.79002
9.79002
9.79002
9.79002
9.79002
9.79002
9.79002
9.79002
9.79002
9.79002
9.79002
9.79002
10.2347
11.5495
11.4695
11.0318
10.3059
10.2855
9.89589
9.85099
9.90372
9.89946
9.84772
9.81157
9.81157
9.79002
9.79002
9.79002
9.79002
9.79002
9.79002
9.79002
9.79002
9.79002
9.79002
9.79002
10.1714
9.87619
9.86975
9.86466
9.9393
9.89846
9.89524
9.81574
9.81574
9.82506
10.3278
10.6777
10.6283
10.3839
10.1121
10.1295
9.96166
9.84574
9.81352
9.82008
9.80314
9.79002
9.79002
9.79002
9.79002
9.79002
9.79002
11.3024
10.7175
10.3847
10.2704
9.90934
9.82681
9.8489
9.80796
9.79002
9.79002
11.1157
10.7332
10.5002
10.1997
10.1437
10.0118
9.87575
9.84726
9.79002
9.79002
9.79002
9.79002
9.79002
9.79002
9.79002
9.79002
9.79002
9.79002
9.79002
9.79002
9.79002
9.79002
9.79002
9.79002
9.79002
9.79002
9.79002
9.79002
9.79002
10.3122
10.1911
10.0575
9.85612
9.97668
11.1468
11.116
10.415
10.57
10.43
10.2219
10.62
10.1417
10.0137
9.9689
9.92433
9.85693
9.84187
9.83022
9.82448
9.81299
9.80151
10.3397
10.0666
9.8959
9.85153
10.1335
9.92848
9.84688
9.80897
10.0945
10.1237
9.92139
10.4183
10.0942
9.9779
11.3645
10.6479
10.4921
10.0602
9.97844
9.96689
9.8342
9.8342
9.79002
10.21
9.93997
9.89663
9.89164
9.79002
9.79002
9.79002
9.79002
9.79002
9.79002
10.4082
10.1605
10.1113
9.88561
9.81437
9.79002
9.79002
9.79002
9.79002
9.79002
9.79002
9.79002
9.79002
9.79002
9.79002
9.79002
9.79002
9.79002
9.79002
9.79002
9.79002
9.79002
9.79002
9.79002
9.79002
9.79002
9.79002
9.79002
9.79002
10.2237
10.1132
10.1382
10.0238
10.5138
10.3053
10.1542
9.82671
9.82219
9.79814
9.79408
9.79408
9.79002
9.79002
9.79002
9.79002
9.79002
9.79002
10.0618
10.0042
9.88977
9.83301
9.79002
9.79002
9.79002
9.79002
9.79002
9.79002
9.79002
9.79002
9.79002
10.0963
9.8813
9.79002
9.79002
9.79002
9.79002
9.79002
10.302
10.1795
10.1221
9.88055
9.89576
9.81306
9.81306
9.82556
10.2482
9.97165
9.8559
9.85034
9.82036
9.79002
9.79002
9.79002
9.79002
9.79002
9.79002
9.79002
9.79002
9.79002
9.79002
10.2504
10.107
9.93729
9.80113
9.80768
9.81281
9.80725
9.80071
9.80071
10.1152
10.0336
10.0212
10.5665
10.4873
9.92347
9.85484
9.79784
9.79002
11.1534
11.084
10.7392
10.3056
10.0883
10.0771
9.82185
9.79002
9.79002
9.79002
9.79002
9.79002
9.79002
9.79002
9.79002
9.79002
11.067
10.6213
10.4246
10.2864
10.2427
10.0571
10.0229
9.93926
9.85075
9.84056
9.84837
9.81245
9.81423
10.322
10.0462
9.89744
10.023
9.99245
9.93907
9.87274
9.87993
9.8055
9.79002
9.79002
9.79002
10.104
9.79946
9.79002
9.79002
9.79002
9.79002
9.79002
10.2762
10.1412
10.0312
9.96615
9.86542
9.84562
9.81796
9.81796
10.163
10.0422
10.3036
10.148
10.053
9.89243
9.8564
9.80149
9.79739
9.79002
9.79002
9.79002
9.79002
9.79002
10.1047
9.93028
9.8911
9.89252
9.83213
9.80211
9.79656
9.79002
9.79002
9.79002
9.79002
9.79002
9.79002
9.79002
9.79002
9.79002
9.79002
10.1489
9.9254
9.92697
9.83882
9.86236
9.79002
9.79002
9.79002
9.79002
10.3136
10.1889
10.0915
9.96586
10.5242
10.1476
10.1297
9.99197
9.95867
10.0578
9.90809
9.95625
9.93757
9.86658
9.79002
9.79002
9.79002
10.1744
10.438
10.4697
10.8418
10.9887
10.5766
10.8942
10.659
10.5453
10.3984
10.2643
10.2036
10.5215
10.4419
10.0973
9.92134
9.88018
10.1309
9.9355
9.82234
9.82234
9.79002
9.79002
9.79002
9.79002
9.79002
9.79002
9.79002
9.79002
9.79002
9.79002
9.79002
9.79002
9.79002
9.79002
9.79002
9.79002
9.79002
9.79002
9.79002
9.79002
9.79002
9.79002
9.79002
9.79002
10.3137
9.94264
9.91099
9.95017
9.84035
9.82368
9.79002
9.79002
9.79002
9.79002
9.79002
9.79002
9.79002
9.79002
9.79002
9.79002
9.79002
9.79002
9.79002
9.79002
9.79002
9.79002
9.79002
9.79002
9.79002
9.79002
9.79002
9.79002
9.79002
9.79002
10.0347
9.9029
9.9388
10.0241
9.96568
10.0786
9.99497
9.95911
9.92724
9.89944
9.80945
9.80945
9.803
9.79002
9.79002
9.79002
9.79002
9.79002
9.79002
9.79002
10.2339
9.99229
10.0932
9.9012
9.87743
10.2802
10.0562
10.4507
10.0611
10.3966
10.0483
10.1391
10.0155
9.89929
9.88816
9.83828
9.82352
9.8061
9.79002
9.79002
9.79002
10.3437
9.97968
10.0135
9.89664
9.90924
9.85035
9.79002
9.79002
9.79002
9.79002
9.79002
9.79002
9.79002
9.79002
9.79002
9.79002
9.79002
9.79002
10.1318
10.0175
9.98463
10.3471
10.4863
10.3168
10.099
10.0308
9.94693
9.8297
9.8297
9.79002
9.79002
9.79002
9.79002
9.79002
9.79002
9.79002
9.79002
9.79002
11.2157
10.2743
10.0653
9.98532
10.0202
10.0635
9.98238
9.91711
9.94742
9.80611
9.81791
10.1526
9.9949
9.87799
9.88272
9.80472
9.80472
9.79002
9.79002
9.79002
10.298
10.5242
10.42
11.5126
10.9757
10.6479
10.3432
10.2613
10.2005
9.93858
9.86404
9.89832
9.92574
9.84886
9.81236
9.79002
9.79002
10.1886
10.0642
9.90463
9.82398
9.79002
9.79002
9.79002
9.79002
10.1345
9.96344
9.86569
9.83563
9.91724
9.83563
9.86285
9.85308
10.1718
9.98399
10.0091
9.9338
9.84526
10.3201
10.1963
10.1636
9.96568
10.2095
10.0305
9.86805
9.85104
9.79002
9.79002
9.79002
9.79002
9.79002
9.79002
9.79002
9.79002
9.79002
9.79002
9.79002
9.79002
9.79002
9.79002
10.1268
10.2729
10.0639
9.97231
9.85898
9.87661
9.80764
9.79002
10.0094
9.82711
9.79459
9.79002
9.79002
9.79002
9.79002
9.79002
9.79002
9.79002
10.2274
9.89733
9.79002
9.79002
9.79002
9.79002
9.79002
9.79002
9.79002
9.79002
9.79002
9.79002
9.79002
9.79002
9.79002
9.79002
9.97977
10.0096
9.84556
9.79002
10.3432
10.2016
10.0277
10.0986
9.81937
9.79002
9.79002
9.79002
9.79002
9.79002
9.79002
9.79002
9.79002
9.79002
9.79002
9.79002
9.79002
9.79002
9.79002
9.79002
10.2473
10.6344
10.2695
10.1308
10.0362
10.0276
10.0032
10.0648
9.99472
9.9053
9.91964
9.89155
9.87842
9.83168
9.79002
9.79002
9.79002
9.79002
9.79002
9.79002
9.98884
9.9505
9.91092
9.8244
9.79516
9.79516
9.79516
9.79002
9.79002
9.79002
9.79002
9.79002
9.79002
9.79002
9.79002
9.79002
9.79002
9.79002
9.79002
9.79002
9.79002
9.79002
9.79002
10.2594
10.115
9.89634
9.83027
9.80535
9.80535
11.2378
10.7117
10.4546
10.1917
10.1642
9.98072
9.94025
10.109
9.88786
9.83156
9.79002
9.79002
9.79002
9.79002
9.79002
9.79002
9.79002
9.79002
9.79002
9.79002
10.0169
9.9443
9.80801
9.79002
9.79002
9.79002
9.79002
9.79002
9.79002
9.79002
9.79002
9.79002
9.79002
9.79002
9.79002
9.79002
9.79002
9.79002
9.79002
9.79002
9.79002
9.79002
9.79002
9.79002
9.79002
9.79002
9.79002
10.1137
10.5191
10.6543
10.2849
10.1728
9.95749
9.87635
9.79002
9.79002
9.79002
9.79002
9.79002
9.79002
9.79002
9.79002
9.79002
9.79002
9.79002
10.1297
10.0565
9.80212
9.79002
9.79002
10.1687
10.3094
9.94567
9.81164
9.79002
9.79002
9.79002
9.79002
9.79002
9.79002
9.79002
9.79002
9.79002
9.79002
9.79002
9.79002
9.79002
9.79002
10.0132
9.98282
9.86586
9.82217
9.84384
9.81295
10.2738
10.2386
9.99885
9.82606
9.79002
9.79002
9.79002
10.1657
10.0537
9.98328
10.0788
10.0995
10.0993
9.99772
9.99017
9.9266
9.87604
10.1242
9.93166
9.86095
9.79002
9.79002
9.79002
9.79002
9.79002
9.79002
9.79002
9.79002
9.79002
9.79002
9.79002
9.79002
9.79002
9.79002
9.79002
9.79002
9.79002
9.79002
11.2697
11.0125
10.3127
10.1615
10.377
10.1139
10.0168
10.0452
9.88229
9.80797
10.1202
10.0509
10.0962
11.2133
11.0799
11.0448
10.2415
9.98478
9.8565
9.80515
9.79002
9.79002
9.79002
9.79002
9.79002
10.0915
10.7263
10.641
10.1653
9.98728
9.94689
10.0061
9.85471
10.2599
10.0567
9.89939
9.88304
9.84328
9.84828
9.80027
9.81664
9.81216
9.79579
9.79579
9.79002
9.79002
9.79002
10.3199
10.2827
10.4614
10.1635
10.0349
9.83332
9.79475
9.79002
9.79002
9.79002
9.79002
9.79002
9.79002
9.79002
9.79002
9.79002
9.79002
9.79002
9.79002
10.0523
9.86803
9.87593
9.79002
9.79002
9.79002
9.79002
9.79002
9.79002
9.79002
9.79002
9.79002
9.79002
9.79002
