0.418389
0.197422
0.940389
1.63607
1.1414
1.49292
0.900126
0.732843
0.114216
0.404111
1.25407
1.60348
0.431511
0.679
0.447541
0.905667
0.765434
1.23764
0.799587
0.406827
1.98736
0.452891
0.71956
2.21977
1.07865
1.87052
2.48764
0.515196
2.16308
0.415452
1.63569
0.996189
3.78546
0.470231
0.531424
0.318971
0.5778
0.0673673
1.19711
1.8688
0.691945
1.33242
2.37685
1.22535
1.58002
0.706215
0.553159
0.939384
0.95783
0.571095
1.34564
2.37178
1.3209
0.452949
1.52768
0.292241
1.25779
0.372219
0.624655
2.27978
0.104871
1.64489
2.11303
0.625201
1.12018
0.844899
0.861537
0.805553
1.81603
0.346181
0.583211
1.20449
2.56584
0.978855
1.02281
0.78971
1.04524
0.202723
1.05737
0.244001
1.20681
0.815414
2.51138
1.02015
2.23085
0.917325
2.19984
0.233449
2.02555
2.06548
1.66697
0.866685
0.480182
0.794059
1.7675
1.63451
1.2978
1.33026
0.828913
1.14986
0.866221
2.05861
0.441733
1.0115
0.711151
0.352506
0.97455
0.25425
2.41022
0.327503
1.10896
0.872201
1.25806
0.435002
0.179594
0.783293
0.343109
1.63617
0.609123
1.61799
1.81636
1.14997
1.12356
0.981422
0.922317
1.45742
0.366546
2.4623
1.21087
0.225938
0.918733
1.4831
0.790806
0.645762
0.600437
0.280691
0.403216
0.534502
2.13726
1.69756
0.352957
0.271086
0.587906
3.0708
0.775658
0.919177
0.327208
0.681836
0.741308
0.917219
1.06266
0.629761
0.757239
1.55617
0.327398
1.51755
0.316225
0.490511
0.207391
2.0671
0.463511
0.749871
1.43957
0.990295
0.516685
2.21039
1.06593
2.35412
1.22035
0.976264
0.473754
0.958909
0.848128
0.724613
0.954719
0.109832
2.51622
1.71354
0.331326
0.68178
0.061433
1.68646
0.123136
1.40108
0.825459
0.225624
0.350312
1.01969
0.0380928
0.52782
0.787299
0.662385
1.44313
2.59096
0.42708
0.820513
2.04228
0.447409
0.817152
0.744729
0.589008
1.37271
0.76313
2.27267
2.45474
0.223232
0.63414
0.896961
0.969493
0.285007
0.293343
2.32558
4.82758
0.542094
0.798266
1.51831
0.353717
0.664637
1.83425
2.1043
0.814317
0.583409
1.08657
1.19809
0.314545
2.05582
0.431774
1.90579
1.5842
0.506215
0.926505
0.954246
0.459917
0.905486
0.551092
0.473098
0.505351
1.03089
0.273614
1.39638
1.53784
0.733033
0.625738
2.61051
1.31407
1.10751
1.39039
0.862369
0.643821
0.205687
0.84515
0.713458
0.84429
0.590465
0.802601
0.43853
0.632645
1.13319
0.443831
0.362605
1.15544
0.850773
0.453882
0.470214
0.412755
1.53926
0.953978
0.824767
0.320596
1.72206
0.727268
1.50098
0.536553
0.513344
1.03151
0.813458
2.33967
0.23674
0.534908
2.55478
0.550052
0.875307
1.05305
1.15256
1.50783
0.440282
1.07905
0.787308
0.432693
1.84825
0.34104
1.3223
1.15789
1.26089
1.2637
2.08409
0.361011
0.50161
2.36308
2.27171
1.45966
0.306832
0.886946
1.39381
0.474839
0.16416
0.662538
2.93116
0.753172
0.923067
4.02942
0.619459
0.350602
0.684306
2.845
1.48219
0.393983
0.0565327
0.255887
1.11943
0.0352113
1.51642
0.370868
0.89627
0.679595
0.269821
0.461168
2.93763
0.651171
0.59059
0.571638
1.74329
0.0890867
0.504927
0.523036
0.146595
0.256416
0.806984
0.221246
1.59654
0.143855
1.46616
0.681549
0.626197
0.250355
2.62374
0.636254
0.964414
1.17098
0.144261
1.56112
0.845956
0.479764
0.720853
0.93406
1.71697
1.54622
1.06026
1.29069
2.62091
0.546327
0.627911
1.19935
1.60859
0.424616
2.18833
0.211385
1.15595
1.73276
2.05565
0.490415
0.719537
1.1844
0.542107
1.35482
0.546297
1.08727
0.518882
0.836184
0.0407366
1.00016
0.455553
0.712141
0.467293
1.00928
0.227133
1.10995
0.916222
1.37466
0.384613
1.17979
0.241106
0.753233
1.44493
0.767475
0.782411
0.47857
0.339945
0.9537
0.798431
4.37423
0.449302
2.05628
0.0931942
0.399034
0.204049
0.441567
2.38931
0.240872
1.61566
0.582026
0.0887908
0.843255
0.408814
1.63281
0.732721
0.963856
3.00771
1.27582
0.972748
0.903577
1.07161
1.00017
0.256749
0.581957
2.17615
0.596062
0.840813
0.217465
1.90753
0.816091
0.537286
3.01301
2.42279
0.500014
0.269898
1.74382
0.678614
1.16759
0.370742
0.791396
1.13622
0.562878
0.902918
0.23989
0.455472
1.6675
1.47333
1.0359
0.958587
1.58349
0.978788
0.475732
0.940912
0.0555991
0.338329
0.87106
0.82219
1.26642
0.645293
1.86488
0.799834
1.1441
0.512669
0.386947
0.964905
1.38041
0.411427
0.891605
1.46479
1.44162
0.541408
0.877766
0.26661
0.992047
0.332296
0.738777
0.144982
3.22186
0.350038
3.1085
0.541047
0.278772
1.75482
1.60785
0.688165
0.944994
0.455422
2.88593
1.05253
2.19564
0.697373
0.448069
1.42556
2.70992
2.13138
0.393072
0.345144
0.093046
1.65518
0.721637
1.17821
1.04397
0.30129
1.40549
0.117234
0.7286
0.127126
1.10974
1.84225
1.48678
1.08863
0.716873
0.659641
1.92695
0.587262
1.60941
0.695626
1.93347
0.271443
0.38901
1.44777
0.882169
0.850294
3.32926
0.275251
0.686272
2.88249
0.294899
2.77768
1.17885
0.0687419
1.21967
0.756725
0.504007
0.231307
0.700949
0.541854
0.780392
0.620965
0.238988
2.13277
1.2521
1.64189
1.55844
0.874109
0.554158
0.776632
0.441566
0.899401
0.798673
1.99181
0.250959
0.934533
0.413378
2.45328
1.92353
0.294393
0.331463
2.27258
0.743152
2.79962
1.36744
0.656759
0.457549
0.748234
0.761193
0.709537
2.93962
2.40773
0.00898432
1.23277
0.361453
2.28215
0.536366
1.36887
1.01638
0.148715
0.709864
1.19712
0.662932
0.884309
0.712757
1.54399
0.267766
0.390101
0.738999
1.34784
0.367404
0.577016
0.749295
1.00029
1.13767
1.33795
0.129438
1.2295
0.356868
0.830517
1.26225
1.76272
0.984865
1.42408
0.625852
0.734524
0.119825
0.252599
0.857915
0.848498
0.546095
0.275838
0.269892
1.00392
0.61113
2.2452
1.21166
0.426165
0.600589
0.350445
1.06037
0.700289
0.609911
0.882551
0.60149
0.550073
0.211963
0.684027
1.37182
2.46009
0.160525
1.43278
1.42732
1.21412
0.537569
0.599601
0.817961
0.624263
0.424125
0.0934797
0.483496
0.758677
0.26486
1.71302
0.955318
0.422004
0.873822
0.765489
0.306091
1.2399
0.74458
0.585109
1.0412
1.06233
1.06713
2.51276
0.401661
1.03569
1.27657
1.37707
1.09183
0.348103
1.28537
0.621689
1.3379
0.436545
0.445343
0.421746
0.279952
0.830169
1.30591
1.08498
1.14574
0.998836
0.068404
0.489772
1.38643
0.480409
0.341821
0.597048
0.93287
0.254846
1.68737
0.704971
0.435222
0.756644
1.21305
0.579966
1.3204
2.56463
0.445751
1.31861
2.57888
0.396891
0.441464
3.53505
0.43776
0.58475
1.31839
0.187168
0.256159
0.513793
1.65056
2.32038
0.135309
0.91944
0.601153
1.71338
1.43724
0.943106
1.64331
0.597043
1.23718
0.720788
0.856287
2.52267
0.331249
2.10926
0.695385
0.80867
0.3734
0.432739
0.879003
0.512552
0.184833
0.0472466
0.717195
0.566257
3.26116
1.26769
0.425777
0.630646
2.47563
0.461963
0.136065
0.318323
1.83563
0.583446
0.213754
0.588587
1.39859
1.87387
1.02529
1.07188
1.47349
1.84288
0.318374
1.59986
1.2675
1.12212
0.446804
0.748138
0.174544
0.431109
0.244457
0.892725
0.772311
0.367421
1.09504
1.92902
0.499392
0.556992
1.89133
1.14894
0.72823
1.3025
0.221005
1.99713
0.794626
0.284021
1.70579
2.69238
0.210846
0.527844
0.940339
3.46053
2.12825
0.571668
0.529434
1.15519
2.54942
0.260219
0.643555
1.63031
1.04237
1.0821
0.5453
1.99093
0.783498
0.24757
0.843105
3.29322
1.89052
0.6046
1.86356
1.8036
1.42972
1.21033
4.86706
0.308439
1.18806
2.53914
0.270758
1.3453
1.67969
1.36143
0.292712
1.3667
0.251389
0.493794
0.363774
0.32327
2.30934
0.576985
0.352508
0.939599
1.66587
0.870472
1.0091
1.37933
0.761035
0.449377
0.238896
0.239188
2.65873
0.752045
3.4676
0.190131
0.816251
1.95258
2.86158
0.916639
1.29308
1.32859
0.30102
1.11628
1.56117
0.741409
0.304498
1.52249
0.992494
0.460936
1.12243
0.387326
0.607537
3.50651
0.32087
0.961664
2.24549
1.2597
1.57143
2.6082
0.477009
1.39247
0.663492
0.873978
1.56751
1.42958
0.638448
0.101853
0.43907
0.292467
2.18448
1.08481
0.304032
0.98199
0.855448
1.44472
2.58032
0.431651
0.773161
0.491283
0.760116
0.658112
0.471659
1.47158
1.63041
0.782999
2.10191
1.35309
2.26573
1.09152
2.27591
0.387334
0.707813
0.150273
0.873384
0.266817
0.7849
1.42942
0.195532
0.426965
1.07242
0.57966
0.227734
1.33749
0.434052
1.39774
0.353118
2.64144
0.294292
1.97325
0.199712
0.762059
0.470587
0.95988
0.714113
1.6701
0.931282
1.28184
0.256786
0.298452
1.23445
0.517079
0.788171
0.154784
1.17491
0.677831
0.316263
0.978312
1.1856
0.992748
1.71788
0.805964
1.62111
1.19672
1.12524
0.416488
2.08754
0.344778
0.449745
0.133102
0.409004
0.431031
0.221593
0.26171
0.521855
0.20398
0.185827
1.46598
0.909863
0.729498
1.67132
1.84995
0.837847
0.519473
4.30434
0.143562
0.516618
1.00307
0.971106
0.550613
0.332169
0.172135
1.37864
2.33394
0.113548
0.294285
1.09598
0.987645
0.779776
0.413255
0.552314
0.869321
0.423716
2.32244
0.292982
1.53246
1.65441
0.4863
2.21603
0.844528
0.388634
1.60577
1.32081
0.388714
1.7613
0.983638
0.996415
0.42678
0.265563
0.630602
1.27571
1.12146
0.801184
1.08338
0.903138
0.417075
1.59243
0.420576
0.924202
1.60871
0.684936
2.61189
0.597564
0.820717
0.908851
0.329542
0.904437
1.21579
0.802961
0.964109
1.14995
0.570595
0.241946
0.786947
1.10083
0.974362
1.61479
1.99368
0.377473
1.88621
1.14516
0.546557
1.07037
0.287086
1.00541
0.649475
0.331586
0.48833
1.93826
1.70417
0.323089
0.521647
0.510637
0.51222
1.68559
2.33908
0.387614
2.20132
0.345025
0.841914
1.42749
1.18623
0.775313
0.191075
0.791848
0.343074
0.802788
0.533842
0.829145
1.27686
1.23725
0.607772
0.893195
0.522053
0.638369
1.41704
0.630658
0.1714
0.983913
0.893959
0.176361
0.440551
0.248338
0.925064
1.29154
1.06246
0.839751
0.899451
0.13902
1.58304
1.23304
0.69348
1.70552
0.832584
0.668387
0.23255
0.166095
0.315008
0.399218
0.754591
1.01485
0.24435
0.0979353
1.69445
0.928994
0.162452
2.30082
0.377211
3.9693
0.169979
0.171327
2.10086
1.22735
0.594994
0.882911
0.39816
2.49083
0.669638
1.17708
0.626869
0.642687
1.22504
0.113327
0.30737
0.550584
2.55416
0.631182
0.437287
0.389455
0.42871
0.12681
0.475798
1.78214
1.13831
2.63127
0.164979
0.820796
0.247877
0.301564
1.96932
0.355279
1.0517
2.40918
0.141927
0.813442
2.62566
0.450402
1.47985
0.560885
0.523517
0.471582
2.68499
0.818894
0.523511
1.05853
0.253753
0.773472
0.192101
1.61899
2.4971
2.57788
0.269458
1.28169
0.365126
1.01732
1.46169
1.09103
0.71499
0.0460276
0.464538
1.50996
0.746107
3.59771
0.425023
1.18057
1.38938
1.153
0.537754
1.4836
0.0595718
1.12692
0.228948
1.75933
0.401196
0.448051
0.369726
0.853428
0.575461
1.26062
0.192363
1.81716
0.362444
0.303276
1.01096
0.797237
0.688567
2.0294
1.46958
2.43385
0.222034
0.410682
0.944235
1.38462
0.437967
0.259086
0.363641
0.404412
1.01622
2.35809
0.392919
1.1864
1.42329
2.83935
0.984023
0.413044
0.320054
0.380838
0.902383
0.563398
0.417856
0.208787
0.328306
1.40481
0.553548
0.473467
0.286869
0.881644
1.30593
1.43019
0.323874
1.94789
1.64779
0.716785
1.29948
1.21864
1.32447
1.01906
0.365712
0.277234
1.66949
0.087181
0.112207
0.483196
0.914209
0.957061
1.35528
1.22244
0.325358
1.92646
0.78945
2.20355
3.38471
2.61367
0.590077
0.585084
1.23427
1.22054
1.1057
0.555508
0.459859
0.196376
1.59103
0.778845
2.05165
0.506388
1.03989
0.17651
1.17375
0.60339
0.42791
0.949764
0.211238
0.161222
0.0997452
0.469188
1.98917
0.980386
2.28982
2.36245
1.63269
1.61325
1.87356
0.233398
0.399511
0.353098
1.91752
0.902121
0.245509
0.0858814
0.178621
3.27689
1.51938
0.953523
4.3202
0.234464
2.40054
1.0866
1.18659
0.838756
0.566092
0.72695
0.888015
0.706362
1.71566
1.53247
0.699556
1.34321
1.35136
1.50513
2.33984
0.0677079
0.297643
0.786632
1.09128
0.623207
1.06905
0.526418
2.3031
2.6699
0.509783
1.97625
0.503301
1.20043
1.4795
1.97614
1.35328
1.04391
0.372498
0.308517
2.51089
1.514
0.993391
2.84863
0.123317
2.03193
1.49476
0.995827
1.04593
0.809168
0.560349
3.11798
0.47671
1.77797
0.773745
2.51063
0.895742
0.380686
0.833326
2.09293
0.487888
0.120692
0.296401
1.25116
0.58634
0.328236
0.594097
0.83779
0.625592
0.583217
0.226988
0.539682
1.93121
0.303744
0.969874
3.10135
0.453569
0.886776
0.844203
0.435172
0.380112
0.27909
1.01657
0.653489
1.23067
0.756904
0.40809
1.5436
0.677998
1.3305
0.923162
0.643646
1.4836
0.17316
1.73691
0.681352
1.44261
0.763754
1.66736
0.298543
1.07428
0.962369
0.599366
0.317439
0.343981
1.18089
1.54344
0.211093
0.508046
2.15463
1.39032
0.263371
0.599207
0.618294
1.91151
1.13761
0.8324
0.203154
1.70093
3.19018
1.50208
0.545499
0.589414
1.89261
0.854663
1.32985
0.238427
0.538643
0.277337
2.95646
0.863586
2.51095
0.721442
0.755161
1.90893
0.743297
1.38151
1.69106
0.722981
0.533413
1.76626
0.670848
0.622911
1.16451
0.121344
1.0369
1.02798
1.21697
2.67168
0.308682
1.43902
0.787526
0.475671
0.918623
2.27978
0.158928
0.625483
0.845046
2.35064
2.86484
1.62325
0.559345
0.563456
1.19316
0.939305
2.17305
0.712784
1.58941
1.09006
1.32668
0.560506
1.99931
1.32743
1.12289
1.78944
1.08918
0.357422
1.10238
0.61815
0.595481
0.542094
0.307779
0.278543
0.667197
1.16797
1.99979
0.256066
2.39263
0.621868
0.167955
3.07456
0.227089
1.12406
0.405756
0.68826
1.90772
0.886054
0.063428
0.160635
0.199445
0.740136
0.281477
0.318968
1.42264
0.848125
0.568836
2.22364
0.784835
0.60248
0.435612
1.3257
1.6226
0.749447
1.07798
0.826416
1.62579
0.184283
0.670815
1.60347
1.99772
2.2684
0.56614
1.05613
1.04726
0.210499
0.617662
2.39648
1.54271
1.67821
0.248135
0.557212
0.22068
0.517322
1.02163
1.10784
0.843087
1.093
3.37038
0.33421
0.800366
0.454909
1.31374
0.883948
3.74842
0.677099
1.38899
1.15637
2.82426
0.174757
1.50559
0.358028
0.639315
0.564842
1.97138
1.55435
0.382494
0.152967
0.83917
0.250586
1.39053
1.27095
0.360231
0.687156
1.3754
0.779766
1.81585
0.362218
0.41074
0.820839
0.240072
0.545507
0.514388
2.05368
0.302807
0.768533
2.19497
0.466516
4.06654
0.337208
0.447214
0.959011
0.648612
0.374461
0.276836
0.88895
0.159394
0.910271
1.86216
0.778713
0.597271
0.331036
2.66391
1.42936
0.868112
0.416286
2.11393
0.224519
0.371764
0.498742
0.879884
1.51348
2.59395
1.10335
0.2488
0.650384
0.356524
2.16984
1.22262
0.82982
1.85656
0.197147
1.621
0.520977
1.38893
0.507625
0.897221
0.83844
0.719456
0.994221
0.688705
0.624739
0.953762
0.470949
2.50315
1.48952
0.0275485
0.305464
0.983579
0.049088
0.441597
0.587085
0.594564
1.17302
1.51536
1.1172
0.480693
0.254743
1.22382
2.18835
0.428865
0.209494
1.36906
0.649366
1.77882
0.168395
0.151146
0.80978
0.453018
0.416874
0.645953
0.770396
0.821377
1.25998
1.20891
0.459989
1.26461
1.01645
0.365574
1.0447
0.537786
0.527896
0.82815
2.11939
0.311961
0.617549
0.428877
0.475055
0.551545
2.03439
2.51737
0.376223
1.59335
0.737234
2.18674
1.25107
0.408192
0.568676
1.01575
1.21952
0.938455
1.18037
1.46089
2.11221
1.3263
1.37308
1.39088
0.685998
0.380494
0.137342
0.877004
2.12517
0.785241
1.72406
0.278437
0.141151
1.22771
1.84279
0.638112
1.25185
1.18947
1.55211
0.708548
0.516453
0.146093
1.32654
2.31739
0.981903
0.382445
0.946563
0.142253
1.21919
0.67445
0.212891
2.41713
2.08411
1.80326
0.361899
1.60712
1.89395
1.92485
0.0900864
0.838639
0.674434
0.892124
0.104293
1.42986
0.940916
0.97904
0.595499
0.451527
1.48647
1.12056
0.302832
0.480939
0.248814
1.13718
0.560979
4.20625
1.66361
0.453598
0.342447
0.226817
1.59934
0.736688
1.00158
0.266653
0.258902
2.08995
0.581628
1.6363
0.398661
0.491847
0.410147
0.802467
1.45811
0.410324
1.33943
0.77434
0.614102
0.478142
0.351302
0.847604
0.326773
0.156741
1.18674
1.37771
1.11976
0.43952
2.40802
0.155885
0.816219
1.1782
0.193191
0.463271
0.849351
2.48807
0.780615
0.456689
0.83435
1.48432
0.556561
2.66628
1.35083
0.537353
0.900963
0.578855
1.10096
0.647249
0.124194
1.26108
0.470236
2.12439
0.768083
1.17167
1.20398
2.09964
1.06266
2.51533
1.57774
3.31273
2.0241
0.275539
0.84376
1.17561
0.892834
0.964382
2.28722
0.255944
0.937851
1.50839
0.0890957
0.927419
0.974238
1.40862
1.01132
1.19188
2.06565
0.471934
0.341848
0.793061
1.07089
0.504334
1.64313
0.285352
0.789148
0.423912
0.483559
1.56374
0.918565
1.2925
1.09727
2.19682
1.61641
0.670522
0.806263
0.202572
1.6432
2.6987
1.53122
0.814928
0.310026
0.710856
0.214364
0.642174
1.55251
0.825294
0.411364
0.711333
1.66502
1.08308
0.50029
0.409812
0.405828
0.907241
0.711845
0.767766
0.856794
1.20144
0.260266
1.63562
1.6576
1.14089
1.90344
1.15721
0.638051
1.24975
2.53704
0.928868
1.28901
1.17105
0.795991
0.841626
0.294024
0.405737
1.84437
0.264445
2.07973
0.974122
1.08736
1.09329
0.982271
0.76364
0.730836
1.87267
0.632827
1.04188
0.456533
0.0726437
2.73233
0.47895
1.68576
0.460917
1.19753
0.748837
0.134913
1.38069
1.07317
0.206614
1.32343
0.682835
1.6393
0.588716
1.14934
2.52338
0.768307
0.461216
0.544693
0.553917
1.04075
0.605717
0.64322
0.0810306
1.20023
1.78482
0.352672
0.261702
0.0809766
1.26913
0.46555
1.02787
1.21235
0.855015
0.136992
0.607042
0.423897
0.368161
0.617536
1.47034
0.330307
0.357549
2.27503
0.24279
1.62681
0.349873
0.733538
0.600469
1.53818
0.309388
0.603413
1.9884
1.56159
0.272023
1.25221
1.10872
0.51217
1.48781
1.09738
0.583656
1.45623
0.308134
0.692582
0.608536
0.0751568
1.0779
2.37532
0.987594
1.37744
0.264661
0.623545
0.553094
0.675469
1.10328
0.172886
0.979025
0.374237
1.96629
2.46971
1.60714
0.144571
0.280232
2.46172
0.204022
0.270374
1.32554
1.5925
2.41077
0.496534
0.459992
0.249172
0.950583
0.636137
0.16755
1.89165
1.76443
0.345823
0.680374
1.24621
0.755795
0.43311
2.23974
1.10247
0.559649
1.8468
0.315643
0.430875
2.28037
1.92158
0.702664
1.53423
1.1796
0.537621
0.232426
0.898538
2.03732
0.424725
2.29054
2.07839
1.39679
2.24227
1.31699
0.19276
1.12456
1.64134
2.6808
0.408223
0.442767
0.517338
1.00718
2.13564
0.533047
1.11295
0.377117
1.41679
1.93554
1.75152
0.743014
3.28231
0.907197
0.0194653
1.18333
0.669971
1.66486
0.250177
0.562902
0.284977
0.638353
0.820114
0.363513
0.420374
2.83086
0.604826
0.48097
0.953797
2.02833
0.221129
0.198803
1.6839
2.33578
0.613099
1.19398
2.31609
0.581697
0.537648
0.198147
0.518173
1.32752
1.50733
0.931671
0.969852
2.61411
0.4469
1.15256
1.31187
1.14681
0.241466
0.962056
0.465519
0.855679
1.97441
2.47856
0.908141
1.49671
0.795354
0.560805
1.40091
1.81958
0.360058
2.42236
1.63042
1.74548
1.5133
0.583684
0.714166
1.7165
0.834101
0.232099
0.33774
0.730226
0.552325
0.785703
0.687109
1.37978
0.777691
0.682784
0.277275
1.61709
0.236206
2.31962
0.123814
0.791668
0.567487
1.67858
0.833517
0.674699
0.856605
0.457813
0.45438
0.636653
0.530251
0.99002
0.470874
0.976456
1.44369
0.746923
0.639031
0.749213
0.509685
0.732521
1.07201
0.573147
0.588012
0.448192
1.1874
1.93874
0.938516
0.786811
1.46843
1.4552
0.908545
2.1761
0.155479
0.683402
0.674426
0.248994
0.549072
1.22834
0.122955
0.104472
0.726517
0.94609
0.481927
1.84773
0.976199
0.276787
1.20429
1.34584
0.340639
2.40013
1.67965
0.437959
0.454474
0.390115
0.924033
1.50601
1.53684
1.44389
0.260828
0.761006
0.346077
0.572573
0.609709
0.937781
0.822957
0.681803
1.60212
1.5173
0.351404
0.962601
1.72649
1.17841
2.05387
0.148596
0.0436341
2.70256
0.216474
1.15454
0.92715
0.295327
1.15489
0.523446
0.651028
1.61441
0.236509
0.369319
0.296634
0.283098
0.528098
1.8268
1.00034
1.52418
0.597922
0.199052
0.476554
5.42258
1.73157
0.484837
3.85801
2.92265
2.44153
1.10155
0.248942
1.63594
1.21637
0.207827
1.2289
0.277942
1.31252
1.63185
1.82077
1.27878
2.10639
1.4702
0.262754
1.43499
0.411171
1.87372
0.719835
0.947541
0.820728
0.22133
0.497759
0.312593
0.787194
0.536943
0.290241
1.10914
1.25767
0.235382
1.21563
0.173907
0.440258
0.466762
1.66068
0.474934
0.392968
1.41794
1.98408
1.14142
0.516468
0.575029
1.08199
0.544523
0.203056
0.54367
0.343403
0.533191
2.62395
0.773718
0.237002
0.687123
0.505592
2.33382
0.854398
0.657974
0.798932
0.486489
1.32627
0.088066
2.71515
1.24248
1.45101
0.501859
0.46876
0.871869
1.56526
0.945011
1.39126
0.215271
0.382401
0.56175
0.534707
0.972627
0.54502
0.31025
0.757387
1.0931
0.473389
2.80186
0.198585
1.36575
0.399063
0.167754
0.686068
1.27397
0.89526
0.484834
0.89889
0.923061
3.19417
0.57244
0.635001
1.51081
1.45148
0.120254
1.44412
1.59638
0.945999
1.02479
0.323649
0.626765
0.34043
0.667864
1.01988
1.04337
0.974995
0.487123
0.0781913
0.783653
1.01775
3.35243
1.05185
0.372347
1.69151
0.507278
0.834348
0.097259
3.87329
0.29249
1.9611
1.55544
0.875749
0.37208
0.220573
0.182122
1.86101
0.223419
1.74617
0.869755
0.660318
0.473964
0.747645
0.265169
2.57068
0.75118
0.65495
1.18866
2.06646
0.465847
1.9024
0.439
0.267202
0.333474
0.165796
0.0494989
0.263078
0.40902
0.394465
1.5544
0.661039
0.436844
0.609729
0.933612
0.0441493
0.917156
0.335211
0.954739
0.10775
0.482706
0.42684
0.559663
1.2148
0.922145
2.93668
0.588502
0.677871
1.26096
0.603708
0.900352
0.680866
0.538365
0.501548
1.71917
1.40447
0.177725
0.915476
2.74964
0.675977
0.0888134
0.176337
0.867398
1.38559
0.576319
0.714667
0.849582
1.65942
1.0557
0.359547
0.883803
1.18045
0.330256
2.11899
2.03777
1.0178
0.406595
0.255163
0.347754
1.00246
0.377316
0.751279
1.55005
1.65539
0.898439
0.267583
0.636183
0.726042
1.46966
0.232308
1.29127
2.46041
0.393338
0.433234
1.14238
0.37089
1.26364
0.177531
0.0637661
0.829367
0.0547514
1.27886
0.262299
0.511239
0.336284
0.95511
0.489683
0.844549
0.406038
2.5246
1.15241
1.81674
0.371441
0.903337
1.44104
0.299334
0.311481
0.936614
1.62711
0.522196
0.463547
1.86547
0.981452
1.65345
0.41762
1.06233
0.427767
0.710783
0.440307
0.167543
0.560738
1.57746
0.985399
2.85862
0.18325
0.29574
0.671708
1.82264
2.12512
0.548574
0.196689
0.721582
0.125462
0.81021
0.602387
0.779572
1.53379
2.05701
1.62162
0.410202
0.712839
0.816633
0.510133
0.558018
0.101952
0.308897
0.517641
0.369442
0.364848
0.841495
0.860672
0.777307
0.503131
0.406716
1.50657
0.751896
2.64762
1.99766
1.94091
0.947525
1.32806
1.9376
1.40042
0.387167
1.27357
0.732487
0.941303
0.951215
0.231696
1.12601
1.40322
1.15285
0.291879
1.78838
0.73647
1.61593
0.859266
0.57515
0.761972
0.653837
2.17708
0.340256
0.48009
0.73676
1.1026
0.341501
1.49766
1.10516
1.73612
2.22767
0.475812
0.643116
1.48761
0.414686
0.814095
0.982014
0.192346
0.560226
0.143764
0.748809
0.960122
0.327304
0.989497
0.346251
0.767332
1.27624
0.491967
1.50275
0.9221
0.290658
0.181883
0.847782
0.657805
1.88012
0.973693
1.26287
0.445781
0.402969
0.0690425
0.39688
0.306742
0.202504
1.53764
2.20667
0.444335
0.725165
0.289114
1.13023
1.26931
2.2931
0.993499
0.654087
0.451431
0.310877
0.567849
1.36259
1.63092
0.639388
1.72638
0.499047
2.34499
1.26987
1.29365
0.168181
2.08395
1.6112
0.769449
1.97147
0.57214
0.825313
0.818476
3.00132
0.924807
0.640638
0.100505
1.31279
2.14727
1.28331
0.51468
0.381034
0.442935
1.08961
0.833417
0.342611
0.911625
2.04078
0.355875
0.15019
0.622695
1.45346
0.24669
0.250325
0.564363
1.72748
1.73921
0.0359661
2.56926
1.58164
0.964415
0.990117
0.266539
0.245775
2.64428
0.481299
0.346968
0.537704
0.950027
1.64404
1.29641
1.53563
2.0221
0.812825
0.937287
1.5548
0.21231
0.395667
0.353533
0.959087
0.240031
1.84553
0.761168
1.12724
0.535192
1.94135
0.2752
0.534789
1.04464
0.748299
0.303064
1.72015
0.731104
0.962767
1.41219
1.4322
1.49193
0.174556
0.215687
0.583493
1.67429
1.06955
2.16639
2.02628
1.06846
0.660791
1.28953
0.566585
0.997488
0.472496
0.632354
1.19426
1.1881
0.83823
0.598764
0.775361
0.808528
0.466796
0.660383
0.808442
1.45036
0.964085
1.60735
1.25468
3.47423
1.8844
0.713841
0.718344
0.983335
0.45931
0.112734
1.18215
2.82346
1.43592
0.750223
0.477233
0.0342536
0.862651
1.33796
0.587575
1.67703
0.860356
0.596509
1.04083
0.725068
1.80544
0.495362
0.730528
1.2725
0.492947
1.20194
0.823275
0.313781
0.169187
2.03513
0.890297
0.542227
2.59573
0.987871
2.79852
1.42069
1.54847
1.93931
0.740464
0.374628
0.172704
1.53061
0.805912
0.304832
1.81196
0.507098
1.56767
1.77437
2.9659
0.552939
4.22697
1.41703
0.894508
0.900554
0.546845
1.08882
0.334267
0.521397
0.717475
0.686212
1.54174
0.898002
0.584256
0.681277
0.873068
2.87396
0.546264
0.94285
0.531959
1.29396
0.671382
0.434917
0.627806
0.449935
0.353092
0.506531
0.887769
0.487443
3.0655
0.501932
1.22309
0.185234
0.871115
0.850564
1.11115
0.281482
0.702395
0.411802
0.24548
0.403665
0.617833
0.279479
1.19984
0.246937
0.678017
1.13602
2.05674
0.745362
0.963392
0.194247
0.66249
1.94162
0.386134
0.457433
0.650395
1.3537
1.7832
0.195803
0.779937
0.635997
0.404903
0.0936519
2.0232
1.6014
0.194436
0.273251
1.15904
2.75758
0.516582
0.495371
0.34797
0.76012
1.61376
1.19987
0.8463
2.19496
2.5517
1.41138
0.296173
1.62346
2.3548
1.70701
1.02566
1.71018
0.338152
0.984332
0.829387
0.838465
0.86465
1.31204
2.5301
1.14875
1.21312
1.40921
1.30541
0.206958
0.997675
0.0397809
0.819161
3.65739
0.187975
1.82274
0.608315
0.456735
0.400009
0.317583
1.0975
1.32116
3.1103
1.75221
2.16398
0.626468
0.700848
2.18469
1.66828
0.414243
0.764377
1.81869
2.87225
0.997066
0.56683
0.508071
0.681157
0.303037
0.379401
0.529822
0.207289
0.162365
0.487122
1.63064
0.878949
0.806686
0.744712
1.36822
0.348205
2.16939
0.50598
0.923032
0.769275
0.615117
1.57401
0.941958
0.732296
1.00617
0.69083
1.59527
1.30172
1.22255
0.327074
2.7535
0.77863
0.0902414
0.895956
1.70265
0.902935
1.47104
1.00511
0.252057
0.295417
0.859657
0.683432
0.17464
4.15312
0.254544
0.205159
3.93316
0.397421
0.557637
0.346299
1.74056
1.69751
0.305956
1.17224
2.28149
0.959299
0.7613
0.399281
0.427256
0.0760244
0.412916
0.874504
0.903821
0.810024
1.61647
0.506812
1.32855
1.06985
0.525325
0.251187
0.517101
0.944525
0.745262
0.391629
0.315309
2.22238
0.425951
0.416853
0.359895
0.88012
1.06347
0.149342
1.60032
0.794158
0.125104
0.401004
2.79577
0.555901
0.045571
0.904506
1.48419
1.34991
1.65581
1.97396
0.861099
0.322121
0.158511
0.791958
0.404397
1.19359
3.02022
0.472428
0.172471
0.502475
0.820688
1.22469
1.49729
0.692833
1.02758
0.723638
1.20902
1.81623
0.83313
0.603828
0.517482
0.137123
0.676645
0.882219
1.82815
1.3177
2.23025
1.02969
0.0926766
1.91777
1.3971
0.102514
0.185157
0.484551
0.816049
5.45862
0.724431
3.0427
0.293708
2.4344
2.74423
1.5583
0.686894
0.278365
0.951903
2.18016
2.12752
1.69196
0.829007
2.95326
0.547121
0.650788
1.33915
0.767273
0.775161
0.959669
0.365521
0.831899
2.1869
0.622582
1.24655
1.62261
0.371577
0.706543
0.70565
1.09119
1.90116
1.58602
0.822722
1.43837
0.409708
0.412213
0.983359
0.439433
0.945597
0.596222
0.427853
0.686148
0.506982
1.53967
1.06124
0.610123
1.0253
0.626533
2.54021
0.285295
1.17806
0.327564
0.662303
1.35409
0.968381
0.899178
0.684319
0.741049
0.902008
0.494426
0.770694
0.429275
0.495714
0.397088
3.32777
1.06126
0.707824
0.354061
0.434914
1.69989
1.06484
0.150088
0.702547
1.07101
0.142727
0.154872
1.46955
0.198866
2.09814
2.9127
0.356698
0.487482
1.51308
0.563007
0.94543
0.996778
0.918562
1.29751
0.623245
0.2622
0.641631
0.722632
0.909177
1.49192
3.47057
0.658934
1.58828
0.236537
0.113267
0.824015
0.351373
0.575696
2.09742
1.44346
2.22447
0.657588
0.693493
1.61767
1.3403
0.247663
0.703495
1.47259
0.642158
0.592143
3.06099
2.20525
2.14868
0.645982
1.80309
1.02893
1.29932
0.360051
0.327559
1.23985
0.515109
0.159357
1.4646
1.68535
0.331566
0.584461
0.340005
1.43802
0.30588
1.40133
0.656435
1.05028
1.1642
1.65419
1.28051
1.36569
0.433874
0.802123
0.38416
1.87147
1.77567
0.905756
1.38502
0.907073
0.214559
0.926581
0.168008
0.657178
0.97998
0.310577
1.51404
0.995574
0.680614
0.503107
0.731803
0.767391
0.284756
1.34319
0.697728
0.663562
1.91144
0.304414
0.128936
0.542436
0.649038
1.00451
0.886484
1.87104
0.313614
0.203456
3.51669
1.63276
0.677117
1.24819
1.10735
0.183735
0.949778
1.45177
0.774962
0.511303
0.240757
0.967115
0.34411
3.2733
1.23037
0.169382
0.387487
1.24521
0.416245
0.0923654
0.750739
1.60373
1.22628
2.18417
0.379594
0.572411
1.02742
1.57826
0.505121
1.31795
0.0851307
0.923921
2.69856
0.168739
0.216979
1.55558
0.455244
1.47462
1.28043
0.327045
1.89957
1.17426
1.32824
0.545102
0.450973
1.18226
4.09225
0.513638
1.7043
1.64101
0.876562
4.14862
0.500181
1.62853
0.817295
1.23354
0.0941796
2.12193
1.31191
2.92905
1.34598
1.29824
0.792888
0.441802
0.307513
2.33569
1.02859
0.908716
0.934787
2.01185
0.160393
1.71167
0.263645
1.69604
1.42715
0.926187
1.43748
0.396094
2.35688
1.69319
0.646496
1.82251
0.715004
0.491948
0.12283
0.983574
3.14008
1.16148
0.755343
0.312595
0.334542
0.407741
0.560849
1.84023
0.440451
1.0241
0.685532
0.304526
0.253443
0.820323
1.05011
0.247658
0.694566
0.150026
0.695767
1.23301
0.481678
0.784286
0.277262
1.62655
1.22074
1.11187
1.02195
0.55148
1.79476
1.37124
1.78859
0.535434
0.374982
0.290842
1.05795
0.613898
0.776353
0.632901
1.48515
0.731268
2.23456
0.997106
1.52264
1.41752
0.805021
0.310372
0.400924
0.910953
0.717763
0.887394
1.42975
0.810561
0.467916
0.947984
1.45612
0.280744
0.637133
0.948418
1.37145
0.738046
0.268608
1.08736
0.867813
1.40604
0.376245
0.946298
1.13762
0.769893
1.36138
0.288526
1.53323
1.15491
0.605089
0.512719
1.3382
0.545951
1.28912
0.836074
1.91328
1.20615
1.33829
0.796575
1.00765
0.354363
1.3061
0.974811
0.9129
1.16792
2.04767
1.44474
0.624849
2.1683
0.362242
0.362662
0.214613
1.13927
1.66633
0.386401
0.730664
1.32902
0.164059
0.0238202
0.206688
0.376722
0.0891353
1.19114
0.141406
1.36593
0.25392
2.92453
0.628701
0.514982
0.341712
1.37986
1.9213
0.721935
0.316055
1.78422
0.0722345
0.376098
0.876176
0.111102
1.22774
0.700867
1.26242
2.72508
0.825202
1.23371
0.373299
0.489907
2.32429
0.903442
0.105077
0.082826
0.556519
0.0666175
0.370411
1.10996
1.499
0.611526
0.503278
1.31464
1.30913
2.15794
0.845554
0.443901
1.12836
0.399426
0.89998
0.917329
5.10692
1.19949
1.63162
1.11814
2.67579
0.332128
1.70651
3.86183
1.45415
0.424291
0.779334
0.306712
0.447263
1.0418
0.878886
0.288045
1.35286
0.204015
1.92924
0.651899
0.604161
0.0805741
0.0926159
0.686116
0.839989
2.12592
0.853391
1.39146
1.18551
1.58523
1.91289
0.910645
2.08689
0.753985
1.83574
0.414481
1.74407
0.484694
1.09651
0.591808
1.18334
0.296471
0.422896
1.38529
1.37123
0.326845
1.76257
0.681448
2.99483
0.150965
0.874369
0.604284
2.66689
1.06294
1.05729
1.12254
0.232403
1.92697
0.375527
2.09997
0.5894
1.4736
1.07801
1.88627
1.13037
1.42783
0.802507
0.728062
0.958286
1.48753
0.4275
0.768398
0.505098
2.01174
2.68183
0.0764394
1.58752
1.20446
0.359349
1.78195
0.480442
1.51279
1.12961
0.830626
0.734996
1.60869
0.677244
2.12337
1.02738
3.02426
0.630817
0.394642
0.773344
0.596514
1.928
1.19633
0.461893
0.543002
0.199287
0.897089
1.73157
1.24719
1.40195
0.488756
1.389
1.71468
0.584572
0.728182
1.31636
0.269597
0.749623
0.396904
0.449695
0.888747
0.368346
2.04948
0.863762
0.0790844
0.813895
0.610331
1.42003
0.873716
0.989788
0.332981
1.01096
1.3707
1.29256
1.4668
1.09819
1.47244
0.93426
2.34111
0.364698
0.741771
0.70145
0.27741
2.28492
0.950043
1.55721
4.55924
0.577848
2.30895
0.175001
0.704896
0.569601
2.43402
0.475655
0.776287
0.370929
0.463786
0.703398
1.4539
0.879136
1.22765
1.32905
0.809329
0.995035
0.658242
0.429381
0.183061
0.510064
0.565324
0.51174
1.71181
3.03635
1.09274
0.360561
1.77514
0.418931
1.40203
0.966908
1.56765
1.1752
0.898956
0.971855
0.682881
2.23463
0.49357
0.984035
0.571808
0.868503
0.619684
0.237128
1.19025
0.949478
0.133579
1.58374
0.873495
0.701713
1.08279
1.47091
0.0521233
0.764723
0.944884
1.19213
1.2853
0.203882
1.91277
1.46384
2.46898
0.192964
0.632222
0.791478
0.864843
0.686842
1.75583
1.09649
0.949416
0.761746
0.577303
1.18036
0.140204
0.173937
0.932782
0.479821
2.99138
2.72273
1.18634
2.72215
0.991155
0.718772
1.54448
1.02348
1.11016
1.28613
0.762745
2.66796
1.16839
0.597506
1.39828
0.470158
1.54124
0.754731
1.99867
0.69813
1.66288
1.82299
0.203178
1.03107
2.31358
0.265648
3.47694
1.33002
1.21457
1.28748
1.05239
0.49551
1.35588
1.64321
0.307985
0.749397
1.82063
0.894896
0.689722
1.77096
1.53332
1.59065
1.24445
0.16688
0.370546
1.54441
0.944304
1.30223
0.450287
0.657847
1.54408
0.686273
2.55968
0.546886
1.21185
0.411726
0.158098
2.90631
0.317694
0.623045
0.353614
0.418958
0.375662
0.32034
0.471274
0.788423
1.27637
1.38092
0.519498
0.499267
0.627427
0.259208
1.59625
0.550865
0.489023
1.37507
1.11121
2.62249
3.45552
0.113351
1.9904
1.00435
1.01412
0.49819
0.28629
3.10945
0.374895
1.86019
0.729523
0.690026
2.00626
0.2021
2.07781
0.417433
0.156788
0.713254
0.697842
2.88412
1.37445
0.744018
1.04815
0.71137
0.855673
1.06558
0.453626
1.1826
0.715807
0.843668
0.309398
0.746198
0.514168
0.284903
1.01648
1.14648
0.613052
2.19164
0.26031
1.04874
0.703753
1.41677
1.12213
2.89345
1.13292
0.158775
1.60662
1.34045
0.473695
0.616164
0.863265
2.55107
0.329672
0.432514
1.205
2.55685
0.130359
1.3874
0.624331
0.541214
1.25454
0.572515
1.40005
0.843326
0.356149
1.31316
0.910951
0.293222
1.2645
0.677801
1.06682
0.846147
1.91741
0.59514
0.595682
0.0984159
0.127014
1.94265
0.885703
0.683092
1.00963
1.40679
2.2751
1.10498
0.209589
0.797355
1.41967
1.33851
0.151242
0.644869
0.211489
0.717875
0.451035
0.518877
0.357251
1.15193
1.12
0.520276
0.759198
0.268556
0.507427
2.98858
0.503083
1.26039
0.306961
2.43394
0.965708
0.453466
0.17271
1.14422
0.428224
2.03278
0.326699
1.04078
1.72844
1.59767
2.30689
0.647962
0.557645
0.959971
0.940104
0.538011
1.27902
1.4828
0.2014
0.0911476
0.727037
1.08605
0.998589
0.180869
0.230314
0.83941
1.16935
1.87951
2.65514
0.631765
0.768634
0.314557
0.541484
0.292145
0.322986
3.3796
2.09836
1.48775
1.25645
1.16844
0.288084
1.07821
0.0235276
1.94988
1.21005
2.853
0.812968
1.24132
0.307349
0.396377
0.470888
1.62711
0.78647
1.43292
0.921121
1.1463
0.27435
1.16162
0.616443
1.02842
0.129864
1.56899
0.527073
0.311985
0.386268
0.434638
0.259165
1.60746
1.39393
0.485184
1.2516
0.70002
2.64103
0.759032
0.335028
0.0712078
1.62534
0.818799
0.689164
0.952358
0.984152
2.34944
0.839384
1.17261
1.14673
0.170936
0.244494
1.24893
0.477746
0.592764
1.92056
0.325949
0.673872
0.676334
1.67821
1.05887
0.105026
0.185946
2.59055
0.815889
0.383282
0.305834
1.33267
1.20053
2.91683
0.289883
0.297065
0.637819
1.00776
1.07968
2.59441
0.275638
0.741591
2.55415
1.43758
0.827542
1.62859
0.177845
2.02275
0.92056
0.650806
0.383666
0.566931
0.33825
1.44972
0.739364
0.419961
0.500601
0.584389
1.11277
1.26339
0.580342
1.66992
1.40565
0.139064
1.11724
0.542895
0.513897
0.576369
0.49613
1.61991
0.218889
0.591139
1.61581
0.268638
1.01471
0.649563
1.29921
1.11383
0.733453
0.546274
0.253171
0.387197
1.29494
0.467748
1.40871
1.21741
1.18272
1.41689
0.380317
1.19639
1.72246
1.18653
0.584063
0.79769
2.25239
3.77514
0.46731
1.06454
0.289683
1.6428
0.67806
0.656821
1.42755
0.490874
1.13635
1.44311
0.676881
0.677108
1.43098
0.0403774
1.70105
0.674779
1.36966
1.06282
0.648124
1.40226
0.809507
0.249479
0.553494
1.0902
2.03819
0.113202
1.01042
0.32513
2.38819
0.585037
0.919621
1.15713
1.19774
1.33459
0.790988
1.06532
0.850212
0.645155
0.593576
0.693734
0.974437
0.369499
0.923793
1.49174
0.692247
1.32441
1.48803
1.22108
0.797172
0.601426
0.749623
0.395206
0.144678
0.455
1.47106
2.55304
0.263733
0.27626
0.281916
0.06229
2.34438
0.695942
0.400924
0.776431
0.696507
1.57983
2.21762
0.124839
1.25818
0.608507
0.535784
0.473779
1.26958
0.829123
1.98434
1.21072
1.79675
1.64323
2.72922
1.31288
2.01781
0.466847
0.187965
1.66398
2.88458
0.745516
0.791955
0.949964
0.196925
0.524443
1.243
1.51794
1.97152
2.90109
1.53432
0.841656
0.685011
0.519939
2.01449
0.571675
1.06372
0.355799
1.55087
0.583432
1.06694
0.420093
0.545962
1.07029
0.771446
0.327224
0.858295
1.4485
1.23347
0.381476
0.86795
0.116629
0.224999
0.145946
0.970773
2.13641
0.132675
1.40794
0.657723
0.869253
0.170733
0.747484
0.0973954
1.03636
0.841463
1.51476
0.587645
0.606031
0.639733
0.734117
0.368704
1.40948
0.153209
1.74425
1.56256
0.77027
0.760591
1.33823
3.12588
1.01907
1.20508
1.50724
0.549886
0.685198
1.2935
1.37872
1.36648
0.564534
2.15884
0.575234
0.571473
0.724189
0.633453
0.596015
1.44598
2.46043
0.439596
1.20589
0.556162
1.61487
0.0431263
2.07109
0.404651
1.24086
0.528041
0.42385
1.66836
1.05952
0.557558
1.08506
0.794838
1.12395
1.84765
0.779687
0.686145
0.586046
0.51641
1.59418
0.996045
0.290685
1.5732
0.524983
0.251003
0.478316
1.09436
0.155043
0.81068
0.318432
4.52173
0.356559
0.36379
0.800402
0.618566
0.788208
1.58773
1.5137
0.849003
1.46779
1.07089
1.36192
2.09841
0.23219
0.454176
0.228636
1.14387
2.9678
0.142409
0.208937
0.855237
1.79491
1.61634
0.592437
0.814177
1.17369
2.14282
1.04636
1.21943
2.71319
0.272391
0.292703
1.15955
1.43772
0.866727
0.996241
0.59355
1.43947
0.74521
0.669442
1.29154
1.33425
0.78143
1.431
0.254361
1.33148
0.936233
1.48868
2.42967
1.31696
1.97859
0.338829
1.76084
0.197382
0.730391
1.08675
0.346315
1.94151
1.44863
0.250811
1.04274
0.441073
1.35167
0.957798
1.419
1.32556
2.24165
1.78293
0.0858223
1.06939
0.72993
0.465442
0.540965
2.41249
0.543688
0.387643
1.50725
1.95815
1.21065
0.939411
1.68691
1.89859
0.287936
1.73492
0.860349
0.996028
2.57725
0.57322
0.977821
1.0821
0.184384
0.622707
0.658017
0.453556
0.366686
0.918112
0.857157
1.7979
1.25006
0.701572
1.22368
0.956623
1.18708
0.288064
1.01826
1.19151
0.715872
0.749625
0.569455
0.211043
1.45554
0.639669
0.965162
1.57474
0.490982
0.962115
0.693218
0.947594
1.30322
0.81596
0.753351
1.53083
0.137519
1.03222
0.207416
0.963313
1.31837
1.69672
0.318242
1.12379
0.959537
0.374729
0.570245
2.77742
1.16354
1.40545
1.1651
1.90294
0.41856
0.61643
0.194433
0.558724
0.115528
0.610803
0.450078
0.800547
0.497993
1.78241
0.405678
1.08203
4.03369
1.37555
1.72107
1.05211
0.69792
0.348222
0.589574
0.674557
1.04565
2.30021
1.71503
0.856075
2.27787
0.63949
0.855922
0.387098
1.36539
0.575528
1.23561
0.933635
0.855283
1.66331
0.543602
0.450374
0.591576
2.33133
0.769934
0.592061
0.345377
0.391977
0.505281
0.588818
0.214623
0.171985
0.431775
1.12153
2.09106
1.47408
0.627718
1.75096
1.40112
0.876752
0.809268
1.86071
1.22632
1.67697
0.333275
1.12831
0.96657
0.954273
0.360648
0.121857
1.07982
1.15255
0.583726
0.610277
2.02046
1.03305
1.6847
2.41268
0.860107
0.30045
1.34628
0.46025
0.474555
0.361051
0.987194
0.563985
0.274935
0.825319
1.31292
0.984517
0.11111
0.893742
0.474621
0.2222
1.85725
0.74773
0.43732
0.511211
0.162313
2.32453
1.30996
2.03847
1.31384
1.33819
0.942712
0.739513
1.45743
1.20765
2.61988
0.824176
0.840271
0.713133
0.991349
0.118314
2.47916
1.65516
2.23122
1.66239
2.8156
1.48325
0.950851
0.380649
0.357442
1.28209
0.339789
0.922493
0.442005
0.417836
1.26125
1.43445
1.82796
0.611533
2.58467
0.561962
0.0362759
1.01851
1.01592
0.850294
0.706697
0.347946
0.19394
1.67499
0.884705
2.27885
1.69893
0.145559
1.29344
0.780576
1.25538
0.375414
0.408748
0.372252
0.503868
0.43619
0.849403
1.28906
3.57939
0.347055
1.1468
0.491008
0.989703
0.595654
1.55001
1.04909
2.05998
0.609799
0.421525
0.249403
0.58392
0.524416
0.80643
2.47324
1.23545
2.03333
0.855458
0.178333
0.786122
1.92461
0.524458
1.02657
1.45102
0.560203
1.0275
0.712723
0.513554
0.980908
0.963651
0.564344
0.587456
1.70708
1.1235
1.0787
0.349324
0.164904
0.755937
0.558246
0.0901401
0.446844
0.60342
2.46569
0.402093
0.382951
1.38576
0.757346
0.655413
1.64633
0.84328
1.53237
0.12497
0.236928
1.53515
0.825493
0.0572881
0.76257
0.66042
0.366711
1.05154
0.950309
1.85016
1.10678
0.301068
1.2253
3.64944
1.24132
0.221069
1.14747
2.12498
0.986379
1.17251
1.77653
0.436316
0.832141
1.15407
1.0052
0.740901
1.28484
1.06796
2.03494
0.923117
0.729081
0.773708
0.456538
0.892575
0.738243
0.756562
0.552116
0.799267
0.546454
0.144522
1.73867
0.708884
1.01884
1.03647
0.634208
0.893739
0.978125
1.23047
2.21629
0.138282
0.149188
1.03552
1.30739
0.727073
0.35202
0.579617
2.7453
4.77417
0.588039
2.8001
0.667899
0.546461
0.7162
0.0995982
0.69101
1.23817
0.73564
0.478675
1.66809
0.231019
0.399362
1.08129
0.681323
0.691908
1.04555
1.28101
0.572022
1.15798
0.335343
0.812802
0.288493
0.468599
0.33916
0.355272
1.41401
0.982961
0.251134
0.583439
0.438041
1.13506
0.468453
0.17888
0.255048
1.2186
0.803542
1.95274
1.19336
1.55949
1.45664
0.562478
1.75826
1.15063
0.740797
0.400553
0.366843
1.75799
0.332686
0.742693
0.201823
1.17537
1.83385
0.6229
1.79297
1.885
0.412984
0.309375
1.13292
0.476711
0.978891
3.0229
0.714251
0.556711
0.761158
0.164247
0.202793
1.89425
0.38498
0.109757
2.41189
0.538596
1.50213
0.346688
1.96902
2.02771
0.0341189
2.62433
2.06856
1.94924
3.93347
1.51216
1.34351
2.7223
0.571124
0.433595
1.31843
0.855099
0.417214
2.74709
0.871268
0.906746
2.15698
1.14845
0.841155
0.180523
1.96655
0.189698
2.15182
1.02044
1.12383
1.12341
0.557354
0.434927
3.16155
2.50824
0.859866
0.61685
0.560431
0.192203
1.84949
0.345132
0.319539
1.82512
0.283384
0.4448
0.1413
1.04388
1.32088
1.19837
0.827014
2.72539
0.680051
0.984066
0.586316
2.56641
2.09615
1.26377
1.20616
1.68681
0.702772
2.20481
0.176061
0.729344
1.27281
0.303538
2.67987
1.61603
1.01169
2.26701
0.209927
0.895767
2.47147
0.592344
0.324756
1.93408
0.879261
0.302931
0.914588
0.25273
0.293308
0.178293
1.5054
1.16776
1.58264
3.42944
2.0087
0.539643
0.536284
2.24283
1.61773
0.599707
1.22988
0.508272
1.09692
1.94664
1.94401
0.244724
1.08217
1.23285
0.499036
3.40597
0.615023
0.598332
2.14779
0.423095
0.479192
0.415861
2.66338
2.34317
0.317319
0.14884
1.78431
0.608083
0.319351
2.75401
1.35699
0.843979
0.322821
1.10892
0.133198
0.280641
0.693887
1.69262
0.566071
1.28779
0.13693
0.152348
0.751531
1.04864
0.696155
0.965664
0.783033
0.262919
1.32223
0.766481
0.465259
0.153104
0.578583
1.27724
0.729167
0.77669
1.11194
0.511588
0.165103
0.980971
0.913749
1.64539
0.819329
1.86632
0.655226
0.139157
0.562956
0.67388
0.548926
0.334004
0.685869
0.298308
1.18769
0.631277
0.584546
0.976605
1.73497
0.330941
0.303089
0.180796
1.08302
0.383804
0.644483
0.952816
0.34998
1.64748
0.310568
0.48792
1.49271
0.207042
1.35284
0.292186
1.39731
1.44969
0.470983
1.55619
2.76879
0.619674
1.47075
0.323665
0.0564555
0.598436
0.100999
0.861098
0.318292
0.266919
1.41158
1.27219
0.877384
0.135995
0.609777
1.06766
0.639536
1.96156
0.396388
1.98513
0.772243
1.06509
0.570173
0.872369
0.526381
0.215127
2.26056
1.1344
1.08918
0.110858
1.64356
0.340219
0.915002
0.925784
0.119029
1.28657
0.0754946
0.540792
2.96716
0.378627
0.44362
0.434175
2.77505
1.37628
2.23537
0.156032
0.316265
0.344064
1.19543
2.18545
1.11486
1.82196
0.617686
1.45075
0.491594
2.10706
0.721633
0.6764
0.112955
1.83169
0.42144
0.710882
1.02824
1.58759
1.00872
0.163876
1.06546
3.99713
0.88066
1.24376
0.172051
1.4381
0.735558
0.233111
1.23098
0.410254
0.88516
1.70415
1.16096
0.849305
0.959996
0.47347
0.880793
1.21839
1.4139
0.670557
1.08362
0.834088
1.59331
0.917798
0.443261
0.956119
0.33119
3.32811
1.28362
0.868854
2.90487
1.84331
0.918539
0.717218
0.725169
0.223229
0.435139
0.728201
0.559216
1.78151
0.278659
0.669011
0.52864
1.95503
1.91209
1.03824
0.200943
0.636859
1.694
0.783528
1.27135
0.656605
0.214269
0.521364
1.38323
1.69496
1.72248
2.02662
0.136562
0.700088
1.39141
0.804246
0.100446
0.571595
1.26764
0.592215
2.0928
0.423292
0.179712
0.893782
0.502642
0.561293
0.182484
4.36745
0.9508
1.58532
0.719783
1.66394
0.394483
0.336518
0.578975
1.34099
0.778775
1.1096
0.630675
0.475278
0.228999
0.797533
0.845435
0.625715
0.389889
0.482361
2.26152
1.1192
1.55202
0.418504
0.528121
1.00177
0.482862
0.249187
0.684243
1.46299
0.622142
1.1732
0.9726
0.580665
0.821422
1.30831
1.59031
2.53081
0.138139
0.977952
0.297106
1.28305
0.434823
0.481282
0.660272
2.1187
0.365894
1.10539
0.436756
0.757962
0.955532
0.227584
1.71014
0.60537
1.57788
0.68293
1.43138
1.48302
1.44171
0.407825
0.618816
0.579532
1.39046
0.454949
0.729101
1.95935
0.788584
0.444979
0.424583
0.899587
1.85639
1.07416
0.914197
0.092076
0.805202
0.599399
0.252048
1.28617
0.267971
0.345439
0.944993
0.22579
1.48398
0.12035
0.558834
0.324802
0.797121
0.269985
0.933842
0.476362
0.812559
1.09658
0.673034
0.373987
0.814225
1.14713
0.155118
1.02757
0.662321
0.404691
0.444915
1.10681
0.183803
0.532942
1.924
0.170089
0.0808847
1.24871
0.137996
2.32287
0.434331
1.05167
3.62453
0.642011
2.08739
0.507343
0.398348
0.230824
0.394054
1.08014
0.540909
0.71953
1.95892
1.34522
1.20486
1.12139
0.197545
1.84842
1.35124
0.32002
0.981797
1.08303
0.226019
0.619694
0.249299
0.729282
1.54014
1.35315
1.26029
0.665343
2.64971
0.946087
0.402667
0.531158
0.0442941
1.12616
0.475674
1.24415
0.292833
0.905019
1.37311
1.65859
1.14793
1.36906
1.03161
1.52559
0.752936
0.595547
1.53594
0.495911
1.17085
0.443505
0.953132
1.21528
1.1706
0.655596
0.83041
1.03007
0.482029
1.1234
0.195875
1.36532
1.77472
0.119545
1.71286
0.986612
0.883503
0.63736
0.329102
1.45564
1.56168
3.10298
1.29079
0.454598
0.136414
1.01028
0.752942
1.43213
0.383863
0.754422
1.88522
1.24483
0.92382
0.471074
0.96835
2.06193
1.11392
0.208045
1.28037
0.21714
0.280066
2.00118
1.26674
0.954226
0.644021
3.00418
0.642641
1.14871
0.473845
1.43971
0.595004
0.573166
1.48323
1.89605
2.18689
0.634189
0.894961
1.95149
1.54947
0.272641
0.267059
0.588505
0.801325
0.582153
0.376441
1.00663
0.644448
0.0975477
0.559632
0.495542
0.627375
0.578318
0.79723
1.18971
0.665211
0.625267
2.29859
0.796635
0.343497
0.801035
0.255936
0.937351
1.1202
0.660492
1.71302
1.00965
1.65443
0.292536
1.46097
1.15883
0.901515
0.752695
0.434356
0.644273
0.656014
0.613472
1.11752
1.16838
0.928776
2.69462
1.02492
0.595507
0.944627
2.12009
0.876906
2.39934
1.32982
0.553059
0.908453
0.66008
1.47254
0.335723
1.66831
1.86534
0.775729
0.393303
0.958716
0.724778
0.260704
0.687118
1.78268
0.580699
1.31751
1.11732
1.07015
1.39044
1.66799
0.648916
0.117923
0.221653
1.22166
0.314269
1.55747
0.65253
0.410811
0.0688619
1.72049
0.266796
0.26768
0.693834
1.23362
0.912921
0.716486
1.2443
0.41826
1.89035
0.386726
1.19711
0.984096
0.768403
0.953214
0.483134
0.521619
1.3176
0.575946
0.454316
1.37216
0.391891
0.375465
0.535636
1.05474
0.65679
0.967097
1.15427
0.68095
0.505976
0.491463
0.252649
0.352865
0.550064
1.76097
0.286113
0.423133
0.340079
0.636743
2.31274
1.47093
0.894914
3.44608
0.498111
1.02735
1.12562
0.598306
1.17195
1.69716
1.80971
1.72892
2.69622
0.795957
0.828385
0.186593
0.338213
0.156108
0.691642
0.31136
0.454545
1.56247
3.02122
0.0652893
1.46798
0.0431852
0.948921
0.802422
0.434343
0.443797
0.897978
0.986142
0.446956
2.28785
1.04449
1.19044
0.153152
0.828058
0.420023
1.56713
1.8333
0.132071
0.220809
0.271378
0.506021
1.12634
3.1388
0.492541
1.47164
1.13995
0.659113
2.22273
0.94236
0.570418
1.98897
3.20683
0.350662
1.46921
0.319335
2.15775
1.58901
1.52454
0.266728
0.888452
1.15881
1.13388
1.1101
0.641415
0.669865
0.688163
1.29331
0.441635
0.548341
1.14631
0.871737
0.519785
1.49516
1.11134
1.3826
1.00924
0.518037
0.264455
0.71232
0.310956
0.549736
0.812195
0.337345
0.568408
0.42604
0.372546
0.14746
1.20868
0.308355
2.89892
0.402667
2.3247
1.81973
1.91089
0.539447
0.262017
0.210625
0.199476
0.404905
1.08099
1.08563
0.170274
2.34844
1.01774
0.92768
0.243967
0.969987
2.12811
1.305
0.277201
0.74164
1.10946
1.49092
0.177536
2.03151
1.52675
0.853199
1.44992
0.225146
1.67598
0.335949
0.395073
1.05825
2.34934
0.508268
0.916018
1.63948
2.07314
0.419836
2.16465
1.30048
0.507567
1.19027
0.215219
2.56572
1.24908
0.552294
0.11032
0.038731
0.621754
0.982879
0.521545
0.580978
0.339229
0.307256
0.863509
1.0526
0.167729
0.451453
0.533592
1.25697
0.713074
1.33491
0.421221
1.50611
1.27948
0.555128
0.727879
1.03461
0.572611
0.212087
0.567116
1.73102
0.19124
0.481518
1.86224
1.4769
0.934433
0.961826
1.16247
0.700471
1.33573
1.30761
0.188284
0.826792
1.1932
1.37121
0.506217
0.526283
1.65013
0.954846
0.68154
0.862574
0.592704
1.69897
1.27868
1.43043
0.801701
1.5695
1.90569
1.01082
1.57383
0.0515996
1.35577
1.16162
1.73795
2.31224
2.52423
1.84296
0.224953
1.36695
1.0772
0.637262
2.72719
0.413571
0.136661
0.833669
1.80736
0.573788
2.19511
0.112087
2.51385
1.65974
3.04469
1.08246
1.47571
0.542496
1.402
1.88114
1.0747
2.00086
2.37626
1.16999
0.025583
0.278068
0.0897379
1.66676
0.324281
1.10496
2.95356
0.791565
0.390955
1.00346
0.20373
1.24918
0.752157
1.0822
0.853506
0.30584
0.591777
0.882301
0.837347
0.499541
0.365298
1.47862
0.282561
0.13415
1.23185
1.43698
0.244263
0.913968
0.446384
1.18613
1.53221
0.302476
0.940785
0.327259
0.551814
0.101422
0.61652
1.71764
0.231566
0.547431
1.45785
1.01348
1.05446
2.39111
0.149431
0.365195
0.924296
0.4711
0.494736
0.566763
0.507447
0.466853
1.76117
1.22288
1.22155
1.49594
0.965103
1.86025
0.872296
1.00088
0.527491
1.45695
1.42236
0.509537
0.890841
1.22552
0.280419
0.63593
0.630734
0.385006
1.19773
0.773787
0.398625
1.19619
1.72059
0.905778
0.339527
1.69618
0.15262
0.312462
0.162489
0.299759
1.1067
0.619606
0.684116
0.856585
1.39757
1.00114
2.30495
0.414408
2.23955
0.453662
0.536209
2.96407
4.10443
0.692745
0.61461
0.46214
0.316899
0.634776
0.493429
0.110908
1.44256
0.124098
2.12786
2.55664
1.47105
1.81555
3.43729
1.03567
0.159956
1.06791
0.634707
1.32683
1.89094
1.24173
2.19821
2.24432
0.134884
0.146612
0.290359
0.554045
4.07103
0.773196
0.828637
0.609367
1.065
2.34494
1.17122
0.296906
1.05383
1.18539
0.19549
0.869895
0.945389
1.41838
1.60456
2.08244
0.16803
0.321361
1.17829
1.19127
0.792202
1.6912
1.16287
2.03167
2.06933
0.29973
0.911683
0.281353
0.444708
0.458356
0.444329
0.544941
1.63131
1.77999
0.256245
0.15914
1.03179
1.11334
0.185373
1.04495
0.384495
0.509079
0.605373
2.21168
2.45472
1.35473
0.388171
0.180136
0.1056
0.383501
0.683686
1.46839
1.45801
0.438611
0.504979
0.403774
0.837908
1.76264
0.400228
0.463511
1.46206
1.02742
0.850855
0.808715
0.273763
0.426378
0.351332
2.33091
1.05945
0.568958
1.27497
0.832871
1.34878
0.964771
0.288326
0.914096
1.18761
0.292537
0.554383
0.469764
0.335294
1.28373
1.72355
1.46558
0.447849
0.187291
0.348824
0.0803184
2.17512
1.51513
0.687512
1.62713
2.33019
1.02942
0.5668
0.909022
0.404673
1.49901
0.426835
1.74227
5.37366
0.643537
0.22392
1.15612
0.896517
1.53876
0.784685
0.569882
0.436797
0.470452
1.03498
0.653657
0.187618
2.14488
0.86778
0.0748576
0.542182
1.01935
1.17065
1.47998
1.11649
0.17685
1.35091
0.158563
0.165871
0.835023
1.29477
1.13061
0.28536
0.792717
3.78239
0.599712
0.513046
2.15359
0.477477
0.159397
0.185779
1.80518
0.852513
0.826086
1.03287
0.772597
0.865922
0.104487
1.16582
0.653188
1.38007
1.02307
1.73639
1.87624
1.12465
0.654193
0.844958
0.7117
1.29733
1.96986
1.15008
1.03765
0.718199
0.341693
1.16124
0.330463
1.15266
0.71681
1.85385
0.68451
0.423482
2.46504
1.63681
0.723804
0.525455
0.568872
0.315873
0.379022
0.233738
0.386926
1.40893
2.10155
0.824248
1.06684
0.514799
0.110658
0.70845
0.415017
1.88385
0.48937
1.084
0.350731
1.04891
0.560699
0.808951
1.05387
4.52478
0.595043
1.09892
0.557662
1.2313
0.42412
2.6694
0.811654
1.0104
1.10622
0.808105
0.902423
0.234793
0.847681
0.417943
2.783
0.949949
0.975319
1.27142
0.395004
0.416944
0.448765
1.38446
1.39001
0.431715
1.37923
0.524213
1.82018
1.73422
0.673152
0.514672
0.298624
1.79089
1.08218
0.589972
0.275197
0.586318
0.561302
0.454317
1.05385
0.232237
0.628481
1.1096
1.0484
0.822894
0.165931
0.242608
1.38616
4.42603
1.14709
1.65658
0.590483
1.88525
0.99002
0.281218
0.692034
1.18201
1.08932
0.375492
0.78244
0.361609
0.302754
1.66503
1.47169
2.60619
0.607913
0.325926
0.665594
0.555454
1.13371
1.27931
0.184988
0.33966
0.776427
0.247808
0.425726
0.294324
0.324598
1.90572
1.32483
0.448968
0.62863
1.28716
0.553321
0.431281
1.12635
2.91662
0.729152
0.890406
2.08769
1.06809
1.55327
0.560561
0.569898
2.66901
0.724862
1.29012
1.33371
0.164731
0.793317
0.516308
0.988565
1.60459
0.463795
2.0019
2.06368
0.61893
0.120599
0.767899
2.79498
1.16252
0.231769
1.983
1.04855
0.688885
1.2407
0.763234
2.62547
1.13024
0.777162
1.24308
0.974982
1.11481
1.71911
2.63528
1.61393
1.62949
0.141636
0.576232
0.195167
0.686592
0.787154
1.96545
0.66172
0.844735
0.431754
0.833896
0.849891
1.47602
0.574951
0.781563
0.175985
1.4948
0.616451
0.352771
0.387709
1.02616
0.377932
0.848602
1.53815
1.18355
2.94693
1.03334
0.348528
1.31203
0.730862
2.08819
0.386858
1.85456
0.900626
0.608317
0.401273
0.995423
2.22377
0.762301
0.986634
1.05855
0.562163
0.299006
0.471744
2.11684
0.573252
2.60058
0.747826
1.74109
0.90067
1.34594
1.28229
0.380652
0.750059
0.74825
2.02801
0.966745
1.27803
0.494772
0.203107
2.80041
0.234049
0.634428
0.981345
2.87609
1.716
1.39606
1.42654
0.47374
2.93006
1.21633
0.566454
0.909759
1.17305
1.04399
0.553272
1.08361
1.17442
0.840869
0.304425
4.1412
0.833444
0.195555
0.567272
0.198782
0.753616
0.476294
0.461894
0.631774
0.440228
0.120237
1.22759
0.786831
0.509789
0.371575
2.21182
0.710425
1.63951
1.0645
0.494211
1.36944
1.15178
0.60801
1.51053
1.83838
1.63498
1.35795
0.943088
0.361775
0.701152
0.612714
0.523871
1.6963
1.63097
0.40062
0.884135
1.22311
0.780827
1.38007
1.90489
2.02876
0.441481
1.02269
0.504427
1.12895
0.897472
1.00041
0.468504
0.121904
0.940753
0.933149
0.40432
0.186887
0.323927
1.29359
0.225653
1.4244
0.959849
0.381735
0.388349
0.702786
1.52931
0.190985
1.45349
1.80026
0.734801
0.445961
0.694632
0.963984
0.237819
0.640318
0.392843
1.69529
0.61236
3.29491
0.769484
1.78415
0.989061
2.82796
0.486877
1.15031
0.684552
0.777075
1.68462
0.448184
2.28137
0.230734
0.656561
4.00638
0.95016
0.442397
0.759523
2.94475
0.776924
0.0791741
0.603959
0.711921
0.831232
0.513335
0.606997
0.683325
1.37113
0.939956
2.767
0.391928
0.97344
1.06965
0.507067
2.655
0.298428
0.0496771
0.923943
1.34379
0.451353
2.40522
1.95033
1.01368
0.366796
1.51148
0.580483
1.15139
1.30464
1.04924
0.327979
1.14081
0.771477
0.839658
1.47604
0.126423
1.03909
0.28618
0.12102
0.280334
3.05848
2.07016
2.48132
0.732403
0.773273
0.0477783
1.55709
1.92129
1.5137
3.18462
0.279458
1.49854
1.8939
2.02107
0.705742
0.308864
0.225859
1.53018
1.17648
0.1906
3.23935
0.464934
0.786296
0.420564
1.23619
0.434517
0.616315
0.0503787
1.17626
0.813771
0.2952
0.763334
1.45243
2.83384
1.1609
0.457131
0.323663
0.604168
0.243756
0.0905899
0.72491
0.503127
1.65957
0.802931
0.663662
0.310276
0.658224
1.83488
1.52548
1.30927
1.72001
0.17442
0.608172
3.12723
0.340879
2.6148
0.97886
0.869169
0.335737
1.37945
1.45342
0.991705
0.449865
0.25237
0.916642
0.807162
0.863147
0.768969
0.710471
0.873505
0.332663
0.0319924
1.47765
0.443572
2.01499
0.749248
0.884307
0.963408
0.397142
0.787247
2.29275
1.17335
0.107947
0.298735
0.506418
0.827933
0.292583
0.842453
0.398846
1.22245
0.549761
0.336703
0.346367
1.52012
1.82624
0.858445
0.524105
0.344258
1.43985
1.22151
0.673221
1.33128
0.0914687
0.255754
0.559833
0.916514
2.14352
0.564958
0.0888345
1.55345
0.151025
1.23438
0.0744289
0.992355
1.16255
1.48097
4.00785
0.167483
0.915846
1.18531
0.151471
1.09509
0.868721
1.92781
1.16097
1.45902
0.0547615
0.524684
0.171954
1.33422
1.05486
2.09067
0.36808
1.01808
0.537926
0.57558
0.334251
1.8437
1.03799
0.696449
0.306332
0.515912
0.348151
0.215161
0.37346
1.05425
1.11413
1.18604
0.258985
1.37638
1.44152
0.740776
0.504277
2.03458
2.99288
0.0831019
0.679688
0.821343
1.26184
0.525482
2.20709
0.687354
0.674837
0.429596
0.546362
0.86972
0.392276
0.518899
0.370947
1.20932
0.539348
1.08304
0.171725
0.119137
0.582847
0.631271
0.026293
0.132171
0.316566
1.17868
0.274011
1.29357
0.234161
1.06052
0.504031
0.253943
0.894216
1.54646
0.375508
0.396176
0.161908
1.54365
0.549081
2.04448
0.848545
1.17571
0.318467
0.735318
0.403024
1.16904
0.43998
0.188549
1.54667
2.48614
1.29498
0.523847
2.16496
0.816685
0.252254
0.359506
0.645443
0.681598
0.600299
0.309301
0.431634
0.890919
2.00809
0.243414
1.30698
2.39393
0.3286
0.815083
2.29283
0.568528
0.733655
0.74359
0.749452
1.76554
0.446626
0.654479
0.166923
1.0802
0.587045
0.0199933
0.738227
0.274856
1.00407
0.45594
0.751471
2.05429
0.490885
2.05763
4.42559
0.660927
0.997341
0.516446
0.875682
0.289898
1.01248
0.785844
0.772934
0.139049
0.775309
0.143139
3.34181
0.928969
0.40823
0.961437
0.905151
0.240832
0.926497
1.20719
0.290769
1.58024
0.972592
3.72604
0.534338
0.0736621
2.1444
0.419883
1.46107
0.934174
0.231051
1.44158
0.946952
0.25835
0.79751
1.31286
1.5512
0.870536
1.13332
0.94919
1.43183
3.39733
2.32775
0.500816
0.630417
2.38704
0.743278
1.33899
2.15286
1.28681
1.46715
0.115835
0.179788
0.944082
0.65608
1.54282
1.50831
0.837013
1.84132
0.712722
1.0106
0.365243
0.133957
0.554398
1.69077
1.32104
0.201895
0.171077
1.62716
0.579356
1.14024
1.16271
1.16482
1.11644
1.42643
0.958606
1.19273
0.967763
3.73292
0.684898
0.672398
0.645438
0.360251
0.651001
0.209162
1.43045
0.177793
1.75801
2.37306
0.589589
0.2227
0.293445
0.655681
0.582124
2.11895
0.694893
0.158552
1.18577
1.03069
0.399553
0.340722
1.33261
1.55638
0.32578
0.210632
0.927493
0.385462
1.17589
1.50284
1.37764
1.49922
0.501841
1.92384
0.24256
0.490521
2.28443
1.06047
1.46006
1.62282
0.475106
1.06227
0.913432
0.665862
0.815082
1.37277
2.0896
1.96203
2.82866
1.02745
1.67059
2.50137
0.928596
0.455631
1.5202
1.21651
0.481226
0.328195
0.623019
1.23005
0.267696
1.47245
0.303534
1.00488
0.298211
1.62433
0.210551
1.56067
1.66097
0.260449
0.767471
0.404025
1.38247
0.444836
0.489063
0.906174
2.32162
0.231798
0.117202
1.32777
1.97603
0.160226
1.39369
0.685066
0.590712
0.853807
0.879118
0.657165
0.261679
0.838748
0.354238
0.835037
1.18398
1.85388
0.810385
0.750197
1.88335
1.13808
2.91017
2.70194
0.332876
1.70464
1.71166
0.473012
1.53133
3.04126
1.0118
0.370117
0.347846
1.04943
1.38966
1.47683
1.15424
0.227308
0.98815
0.789387
2.18802
0.45827
1.45817
0.4193
0.586973
1.11682
1.13381
0.508987
0.84994
1.23882
1.62438
0.229803
0.614024
0.860178
1.64982
0.577212
0.255065
1.07904
1.15146
0.624487
0.769862
1.54919
0.44458
0.723315
0.654998
0.109498
0.854328
0.481182
0.73568
1.12394
0.918715
2.3467
1.06295
1.39408
0.500351
0.601458
0.054668
0.88088
0.679654
0.484787
0.867845
0.323161
0.467891
0.598416
0.515376
1.00039
1.14298
0.218575
0.485257
1.33498
1.80734
1.60317
1.03249
2.59554
0.778622
0.440602
1.1007
0.12726
2.15595
0.390484
0.711817
2.74413
0.217642
1.16531
1.29268
0.508803
2.00161
1.19042
0.85795
0.646089
0.715842
0.855377
1.58254
1.30641
0.248309
0.228538
0.0488875
1.81641
0.609851
1.76745
0.297823
1.27433
0.459889
1.03447
1.42469
0.578585
0.660814
1.37797
0.91611
0.348422
0.899938
2.60438
0.125732
0.442381
0.470387
0.55351
0.0566018
0.407489
0.474024
1.36402
0.54246
0.578446
0.11158
0.310704
0.735505
1.03676
0.21064
1.44593
0.758814
1.27144
0.891
0.579514
3.23304
0.914798
1.01382
0.80558
1.4594
1.16218
1.48904
1.47391
1.76181
0.919
1.1249
1.37863
0.759362
0.501924
1.42749
1.29456
0.88183
0.30367
0.115578
1.90197
0.90767
1.32699
1.06165
0.374628
0.625671
0.313527
1.57739
1.29528
0.462033
0.975767
0.926653
1.34674
0.936653
1.71178
0.961791
0.955515
2.80886
1.46048
1.50761
0.467268
0.581695
0.300801
1.60397
0.419566
0.464247
0.369276
0.372394
0.732958
1.27528
0.830567
0.194363
0.242902
1.36496
1.50073
0.566185
1.10425
0.171766
0.527004
0.175584
2.65392
0.436746
1.0612
2.09776
2.13245
0.316002
1.61992
0.299241
0.0962115
0.362936
0.463456
0.43174
0.66813
1.90409
0.605765
2.59007
2.44038
0.862278
0.769605
0.957696
1.18679
2.50093
0.864835
0.417615
0.574248
0.775493
0.501886
2.67527
0.781777
0.477332
0.659913
0.645197
0.599291
1.99805
1.8906
0.909254
0.412703
0.603308
0.532722
0.451368
1.18689
0.474399
0.354323
0.162784
0.317562
0.728357
1.15845
1.05934
0.847838
0.822683
0.637959
0.869353
1.03284
0.628423
0.194813
0.832808
0.766061
1.85769
0.946863
0.724766
1.61621
3.5613
0.194235
0.0539063
1.61
1.07384
1.20395
1.20788
1.77191
1.12226
2.00331
0.621057
1.93604
1.89059
0.223635
0.748303
3.2752
2.58892
1.22243
0.388562
1.34018
1.94961
1.14745
0.18924
1.45595
0.515147
1.82219
0.840724
0.269706
1.30725
0.308929
1.20159
0.310012
0.350174
0.511264
0.33357
1.59397
0.454042
1.24875
0.592647
1.94953
0.0277326
0.490384
0.520906
0.197037
1.74823
0.833406
0.476907
0.317245
0.363661
0.0615003
0.492083
1.34019
0.987214
0.321944
0.714168
1.16352
0.203978
0.512148
0.369154
1.91077
0.841212
0.142446
1.84914
0.807741
1.4164
1.21325
0.414664
1.59461
1.32461
0.592369
1.97014
4.67502
0.772245
0.810719
0.978484
0.566812
1.05638
1.34661
1.06226
1.73456
1.0801
0.566003
0.329878
0.363155
0.21826
1.203
0.562123
0.951798
0.882451
0.0489817
2.22812
1.26298
0.508452
2.55962
1.6498
1.04655
0.86301
1.25236
0.429588
0.644688
1.67935
0.898594
1.22033
0.812406
1.16354
0.667101
0.0872887
0.371595
0.347378
0.723684
0.920905
2.10835
0.81208
0.310132
0.0294789
2.12761
0.318847
2.05677
0.980515
1.08891
2.57573
1.46896
0.483605
0.20386
0.263572
2.00528
2.00998
1.98195
0.061148
1.13646
1.07635
0.698383
0.583776
0.508855
0.866054
0.606107
0.914575
0.976589
0.258641
0.567089
3.54197
0.61984
1.40372
0.348068
1.7123
0.464346
2.54481
1.39484
1.34277
0.625438
0.35396
1.27542
1.46547
1.18936
1.67552
0.617199
0.716852
0.844332
4.1072
1.3667
1.07598
0.529351
2.11217
0.168452
2.40814
1.05649
0.481778
1.20893
1.01366
1.66053
1.89444
2.07616
0.410835
0.683707
1.00098
0.246389
1.06632
0.166171
1.03724
2.62088
1.25685
0.674808
1.99394
0.535816
0.649805
1.27891
1.58134
0.826268
1.12961
1.95496
0.726799
0.684824
0.563596
0.971978
0.956068
1.58978
0.532922
2.73142
0.280654
0.652322
0.428665
2.69247
0.242827
1.91802
0.344432
0.152893
1.42345
2.54399
0.483772
1.46156
0.533928
0.2878
0.17368
1.0965
0.441909
0.40001
1.18448
0.660084
0.190297
1.28549
0.321456
0.0213064
1.71391
0.155215
0.111926
0.307155
1.46444
1.08295
0.300329
0.114009
1.07544
0.385573
2.86677
0.66893
0.521979
0.258713
0.626321
0.393539
0.561339
0.254181
3.73936
2.39071
0.107579
0.349715
1.32629
0.341508
0.538097
0.692002
0.765237
0.895641
0.364563
0.445513
0.520635
0.447135
0.235267
0.415216
2.11065
0.828429
0.0187787
2.87907
0.383194
1.87404
1.62929
0.233852
0.861444
0.379419
0.317973
1.9974
0.927974
2.23676
2.13473
0.635702
0.798543
0.175794
0.860299
0.118913
2.00555
0.982413
1.45435
0.687584
1.07848
1.09152
0.916012
2.06288
0.420072
0.780436
1.09575
0.912795
0.254576
0.47945
0.520322
0.869096
0.384303
0.035198
0.720819
0.403789
0.544747
1.61634
0.582556
0.177562
0.592168
0.240184
1.18808
1.17687
0.876785
0.590099
0.626045
0.804901
1.31238
1.61369
0.516653
0.969079
0.377028
1.19995
0.824913
0.115361
0.529372
1.03087
0.903269
0.660175
1.55593
2.60037
2.8515
1.61562
0.639812
0.187433
0.686955
1.59848
1.65939
0.509108
0.458955
0.717905
0.270427
0.25955
0.569077
3.43577
1.05161
0.621809
1.36255
1.67418
0.144096
3.23812
0.308993
0.159275
0.455347
1.54807
0.108277
0.21848
0.29124
1.77364
1.38902
0.784592
0.331933
0.257756
0.557992
1.57463
0.577843
2.00502
0.480376
0.917909
0.848428
1.00832
0.7942
1.06476
0.0755487
0.872879
1.64853
1.09825
0.679897
1.06009
1.40975
0.829916
2.40487
0.206502
0.312361
0.374592
0.171432
1.26754
1.27318
0.350112
0.674705
0.744149
0.329288
0.273476
1.69963
0.579853
1.10484
1.01162
0.846392
0.390816
0.360528
1.62515
0.423428
0.819383
0.263542
0.859771
0.535811
1.04515
1.77201
0.0741001
0.589407
0.836811
0.698111
1.7744
1.10776
0.463829
0.122643
1.55397
0.462493
0.497674
0.215049
0.0483959
1.34933
0.404436
1.1691
0.534731
0.643918
1.63829
0.408799
0.729131
1.21198
0.957761
0.886357
2.02899
0.603521
1.91298
0.827053
0.596689
0.673707
0.585959
0.46519
1.64142
2.29473
1.60053
0.108328
0.980208
0.947117
1.68259
2.21055
1.3319
0.986286
0.148411
0.750857
2.56356
1.29617
0.302265
0.0304048
1.59952
0.844268
0.872593
0.62857
0.0986116
1.33184
2.23372
1.0195
2.77719
0.655401
1.18744
0.201149
0.55765
1.04145
1.98679
0.155719
1.11019
1.37872
2.49313
1.95929
0.756929
0.148702
1.37369
2.83744
0.663448
1.64169
0.0877329
0.803131
0.621027
0.777846
1.30185
1.09635
0.645581
0.340806
1.64783
1.76329
0.823764
1.01867
1.48202
0.653537
0.738661
0.404411
0.413858
1.93635
0.674843
0.154717
1.12891
0.542845
0.3048
0.322525
0.899139
2.0276
0.510878
0.655541
0.438194
0.361176
1.01212
0.470256
0.762203
0.268239
0.888593
1.71304
0.606079
1.24833
0.837975
1.11217
0.993882
0.511781
1.58455
2.20962
1.88507
1.84476
0.663361
0.362358
1.0554
1.09884
1.73147
0.864721
1.50736
1.88031
1.52648
3.70651
0.467535
0.326867
1.10833
0.633667
0.400505
1.12329
1.16264
2.82494
0.482959
0.611856
1.56364
1.28604
0.470317
1.25657
0.91577
1.84654
1.08816
0.666408
0.809121
1.94924
2.33748
1.13712
0.438973
1.28784
0.862629
0.51574
0.529587
1.0545
3.59619
1.31002
0.740386
0.777059
0.421968
0.190863
0.928801
1.21167
0.381926
0.770962
0.410638
0.201643
3.26776
0.688632
0.618738
2.17673
0.466172
0.565347
0.750554
1.34086
1.12012
0.527996
0.763104
0.487224
0.44036
0.463378
0.955494
0.456344
0.985965
0.76865
0.603445
1.59421
1.34809
0.28923
2.27858
0.215645
0.569594
0.773042
0.852017
0.714674
0.511689
0.313093
1.07711
0.651317
2.00494
0.558023
1.1683
1.31801
1.4771
0.501288
1.3631
0.271501
0.493856
0.584811
0.202597
0.0829415
0.511694
0.649617
3.13573
2.23402
1.69866
2.54544
2.31783
0.7195
1.00506
1.17045
4.60924
1.95053
0.691301
0.552989
2.22022
0.70398
1.14276
0.83976
0.465529
1.79434
0.850157
0.532102
1.14561
0.276588
1.17224
0.232882
1.47593
0.102022
0.626233
1.33448
0.761006
0.243614
0.568164
1.71376
0.659619
1.68141
1.72583
1.70122
0.289699
1.4416
0.370819
0.650225
1.21858
2.03373
0.389548
1.17437
1.83614
0.212802
1.20065
0.732957
0.995754
0.697164
0.277798
0.786491
0.583311
0.720938
0.328089
0.817916
1.74034
1.42925
1.05997
2.1119
4.54598
1.16443
1.24319
0.26504
1.73173
1.56364
0.386384
0.838379
0.0733621
0.242489
0.700757
1.75285
0.762852
0.61582
1.32133
3.09408
1.32655
0.454035
2.05441
0.814436
0.356862
2.12233
0.518026
0.667554
1.0478
0.627585
0.666153
0.464653
1.36299
0.896012
0.219387
0.32838
2.15158
3.5387
0.936688
2.36179
0.724766
0.329946
0.95969
1.32387
0.469788
0.554912
2.92561
1.14807
2.30383
0.28051
1.05432
0.700891
0.858122
0.415876
0.197819
0.751035
2.4137
0.741813
0.24948
0.96543
0.645185
0.88917
1.12218
0.239142
1.01862
1.20555
2.24854
0.231393
0.661044
1.74252
0.282963
0.596213
1.57911
0.799533
1.71882
0.592711
1.50032
0.835897
0.468143
1.52094
0.751436
1.51086
0.831906
0.531708
2.68802
0.359798
0.680756
0.809541
1.48495
1.06789
0.827872
0.908422
1.36637
0.793106
1.46279
1.3682
0.734065
1.58796
1.09165
0.627285
0.485843
2.1067
1.0606
0.817202
0.609134
0.737141
0.535597
0.135163
0.545424
0.383838
2.02155
0.309294
0.0605455
0.0904454
0.641673
0.881982
1.24467
0.80894
2.02504
1.15532
0.615599
1.05729
1.02143
0.378881
1.01309
1.70064
0.752247
1.31453
0.431059
1.9428
1.16773
0.33522
0.417561
0.821367
2.56968
0.672084
0.552018
0.760498
0.605217
1.89605
1.41512
0.320599
0.361847
0.809421
0.459036
0.474291
0.165561
1.72337
0.293868
0.286371
1.18898
0.982396
1.64082
2.55293
0.458273
2.09821
0.752865
0.797363
0.128935
0.734617
0.694327
1.01604
0.788363
1.66946
1.79694
1.35429
2.72899
1.98164
1.10599
1.01148
1.10256
0.727348
1.83153
0.606957
1.32479
1.38375
0.425943
0.857842
0.832639
0.554736
0.752594
0.742267
1.57159
0.531603
0.561213
2.40415
2.02134
1.31797
1.14382
1.48161
0.778956
1.82971
0.604591
1.70992
0.245899
0.0816183
1.49578
0.857446
1.29832
0.597898
0.701449
0.781886
0.965902
0.204974
0.331257
0.277015
2.36313
0.806207
1.45977
1.29805
1.01045
0.852411
2.37636
1.23862
0.165379
3.59012
1.50283
0.554905
0.233701
1.36335
0.326602
3.56359
0.640027
0.573522
0.365315
1.14877
0.908588
0.573609
0.555936
0.842388
1.64792
0.974157
0.137603
1.49516
0.717487
0.627349
0.130154
0.23883
0.598024
1.54378
0.853086
0.934852
1.55257
0.682672
0.946409
0.506808
0.534531
1.22435
3.33143
1.71843
0.611495
1.0891
2.01181
0.759275
0.133273
0.826259
0.46643
0.42124
2.37551
1.60043
1.27137
0.362859
1.1276
1.76715
1.3319
0.463042
1.36739
0.866366
0.794785
0.559267
0.732818
0.0571671
2.07645
0.348075
0.895959
0.00957716
0.393362
0.339703
0.481275
1.04439
0.492725
0.179058
1.94262
0.91894
0.814107
1.38296
0.757358
0.690388
0.77523
0.637632
0.417779
0.501016
0.871387
0.947043
0.48168
1.53779
1.1693
2.65786
0.777501
0.909019
1.53802
0.536874
0.422172
0.507737
0.55969
0.660398
0.768927
0.668933
0.982011
1.27509
0.45686
1.37132
0.60812
0.170943
0.921443
0.15669
0.268531
0.698812
1.55528
0.845957
0.591797
0.865001
0.275022
1.41873
1.17736
2.59227
0.44825
1.69361
0.773099
2.01311
1.40786
1.73369
1.05606
0.697664
1.85121
0.651382
0.355396
1.76028
1.34845
0.357117
1.22572
0.816099
1.17879
1.17968
0.984154
1.03987
1.17442
0.759416
1.93956
0.703952
0.39791
1.45239
0.757528
2.04008
1.37554
0.282368
0.812412
0.950703
1.30944
0.211872
2.21437
0.870406
0.408588
0.579713
2.2174
1.69239
0.341735
0.460994
0.669279
0.569774
0.816912
2.16674
0.588659
0.124371
2.38215
0.32592
0.592327
0.0915586
1.29025
0.724305
1.24812
0.944801
0.82408
1.02556
1.73267
0.531744
0.587931
2.47414
1.5946
1.46588
0.399052
0.228101
0.24818
0.509869
0.52233
0.245618
0.277962
0.253773
0.561962
1.46782
0.210726
1.02443
0.827759
0.295114
0.734281
1.07113
1.09337
1.24126
2.6485
3.98618
0.349279
1.01423
0.870194
0.203834
1.40134
0.234822
0.240817
0.785794
0.287744
0.620081
0.316048
1.52194
1.735
0.384135
0.72039
0.269128
1.65838
1.29565
1.2145
4.64498
0.454367
1.23959
1.23658
1.26842
1.42469
0.598857
0.277344
1.90546
1.68178
1.2708
1.10851
0.336154
1.79123
0.778191
0.442085
0.767565
0.199598
0.361975
0.275431
1.77643
1.60862
0.791149
0.433877
1.06947
0.728347
0.828548
0.498824
0.798399
0.597129
0.366619
1.20429
1.65227
1.38996
3.25335
0.768643
0.102363
0.982015
1.33346
0.724762
0.319017
1.64466
0.499828
1.03957
2.0827
0.753866
1.46822
1.04906
0.69162
0.402063
1.38161
0.671247
1.75601
0.953166
1.0773
2.47538
1.03382
2.39325
0.541334
0.394586
2.50397
1.57431
0.301588
0.876299
1.65047
1.47955
0.455058
1.2465
1.39322
0.306346
0.510804
2.25778
1.35567
0.73649
1.30459
0.385304
1.23397
1.00347
0.287515
0.095706
2.33773
0.337759
0.313218
0.689056
1.37577
1.4361
0.321994
1.06493
0.59791
0.924372
0.825678
0.230179
0.4065
0.710425
0.122698
1.3114
1.01982
1.51499
0.576523
0.0518469
0.499332
1.57511
1.50189
0.910865
2.1037
0.833075
0.376963
1.34013
0.829985
1.12579
0.239151
1.23799
1.13988
0.510651
0.310704
0.891968
2.54399
1.18472
0.337876
0.402795
0.573902
1.17139
0.730346
0.588798
1.06224
1.2816
2.43347
1.68646
1.18888
2.90267
0.849321
1.01408
0.442863
1.45251
0.373997
0.640251
0.184299
0.312998
0.507715
0.258879
0.633136
0.692322
1.54322
0.671704
1.85676
1.49467
1.04968
0.641725
0.731376
1.25573
0.948382
0.675882
0.503767
1.46225
0.761278
0.276022
0.493679
0.263758
1.88777
0.56756
0.148576
0.465153
1.62111
0.546173
1.44775
1.09994
1.70711
0.564456
0.924597
1.44108
0.789833
0.422997
0.424338
1.04673
0.124661
0.542648
0.398091
0.956121
0.0804064
0.616851
0.640872
0.497053
1.29961
0.969079
0.392823
0.764513
0.974724
0.660131
1.61129
0.527917
0.491116
1.98058
0.660044
1.65076
1.15118
1.57792
1.07093
2.8518
0.443921
0.731661
3.15812
0.617038
0.278315
0.588278
0.551139
0.591094
0.193027
1.32127
0.237465
0.353907
1.14581
0.462829
1.92685
0.674981
2.61369
0.672199
1.46798
2.16836
0.112937
1.36355
1.12622
0.904755
0.454368
0.416736
0.869721
0.735006
1.51353
0.710094
0.754183
0.123174
0.885023
0.369129
1.28161
0.294987
1.06429
0.278867
1.43781
0.275376
2.25357
1.5548
0.647921
0.820894
0.6019
0.359878
0.631675
0.985027
0.27149
1.24915
0.465095
2.57791
0.151297
0.585163
1.14979
1.05992
0.31157
0.778897
0.149981
0.754047
0.460156
0.280857
0.599853
1.07346
1.09473
1.03765
0.547022
0.0586962
1.33553
0.676677
1.08465
0.109214
0.93424
0.632084
1.10496
0.821136
0.414992
0.567323
2.84088
2.3667
0.703929
0.382213
0.203617
0.282668
0.984052
0.666511
0.449628
0.140639
1.35576
0.269541
0.740083
0.09131
1.34088
1.17045
0.260066
0.880089
0.360308
0.247055
0.582336
0.557833
0.451249
0.294021
1.07746
0.418101
0.870371
2.38201
0.470884
0.107558
1.08518
1.07296
0.498968
1.92727
0.671522
2.45674
1.21844
0.286072
0.620885
0.706105
0.698039
0.147802
1.49104
0.548939
1.27264
0.280309
0.748427
1.09648
0.917009
0.831589
2.24286
2.2549
0.733633
0.373145
1.55465
2.01269
1.49602
0.287319
0.785629
0.990368
1.88858
1.38784
0.429799
2.73086
1.02882
0.744025
0.696676
0.777246
1.734
0.925184
1.67409
0.40167
0.901874
0.654311
0.689053
0.777396
2.1121
0.933427
1.03265
1.15857
0.439634
2.27304
1.24571
0.638243
1.08037
2.66907
1.17821
0.472661
1.71139
1.4808
1.35509
0.880406
0.705967
1.46773
0.304461
0.525653
1.28472
1.72716
2.22108
1.58236
1.0359
1.00931
1.67893
0.142169
1.5066
0.794867
0.890324
0.550616
1.17787
0.965064
0.0685504
0.520018
0.466616
0.171838
0.844031
0.868265
0.340927
0.498568
0.103212
0.716166
0.459079
0.456411
0.31773
1.12577
0.347557
2.22822
0.237655
1.74336
0.934303
1.80687
0.242013
0.362249
1.20951
2.78666
4.07226
0.355012
1.47098
0.451671
0.916962
0.521903
0.589776
5.32175
0.707476
0.47702
0.700708
0.115791
0.138237
0.344015
0.155381
0.321865
1.38175
0.716594
1.11464
0.43614
0.658961
1.53413
2.16835
0.966276
0.974625
1.55722
2.25207
0.739537
0.6349
0.777664
0.800517
1.93428
0.150788
0.320689
0.309058
1.35663
0.160771
0.15206
1.06367
0.933718
0.15983
0.519186
2.52591
1.2635
1.07426
0.898827
0.630542
0.716107
0.620705
1.00555
0.292659
1.2573
0.490689
0.448948
0.670921
0.549493
0.809473
0.479645
0.636765
0.313194
0.786505
1.80964
1.5197
0.662942
0.521154
0.42099
0.971532
1.76909
0.46029
2.36101
0.552574
0.62409
1.33784
0.512047
1.23482
0.141374
0.537171
0.607886
0.962305
0.383531
2.22117
2.50851
0.49786
1.72829
0.771286
1.60804
1.00547
0.188223
0.796582
1.99767
1.45192
0.241693
0.953794
0.452891
0.426102
0.90953
2.03895
0.318089
0.504328
0.476311
1.94016
1.93988
0.606988
0.145061
1.31385
1.13545
0.747252
0.6096
0.385839
0.871628
0.248172
1.50118
0.174652
0.280464
0.667049
0.273772
0.386774
0.103781
0.947084
1.84811
0.982738
0.532875
1.54767
0.207347
0.385387
0.391851
1.19474
0.279783
1.16805
0.420259
0.518893
1.61389
0.379227
0.58672
0.613228
0.487265
1.30215
1.34495
0.767924
0.323371
1.45363
0.452633
0.69676
1.67965
0.461745
0.340024
0.753292
1.303
0.369832
1.64269
0.739516
0.547467
1.74774
0.0490376
1.99802
0.423092
2.83902
0.419445
0.61561
0.483019
0.183425
1.7013
0.787538
0.353401
0.588188
1.56492
0.129566
0.248338
0.468526
0.823417
0.391582
2.09307
0.356968
1.4761
2.66827
1.10348
0.798616
1.87935
1.50058
1.87452
1.68
0.53613
0.371112
0.566859
0.40293
0.456082
1.13901
1.36687
0.241026
1.43575
1.03055
3.41399
1.3651
0.251429
0.698671
0.698788
1.27814
1.05646
1.35253
2.31944
1.76293
1.2776
1.33547
1.69047
1.22987
1.58598
1.41485
0.482367
0.400214
0.304884
1.88943
1.56207
1.79964
0.360427
0.527961
1.6789
0.690106
0.5172
0.519127
0.801556
1.22703
0.518542
1.22835
1.59004
2.81603
0.450219
0.450611
1.53227
0.553827
1.02087
0.239728
0.0703347
0.138136
1.97053
1.77653
1.32418
0.513731
0.720962
0.984233
0.840963
0.324067
3.15784
0.683485
0.318772
0.524063
0.755437
2.52475
0.421401
0.971167
1.08291
0.105877
0.269135
0.666173
0.419857
0.446605
0.83771
0.897659
0.190288
0.0425344
0.568962
1.18508
1.03151
1.13934
0.311485
0.526484
1.38524
0.568172
2.41092
1.20165
0.73835
0.410714
0.54791
0.680553
1.2061
1.10073
0.855215
1.30159
0.432538
0.618298
0.179996
0.136049
1.20103
2.09632
0.38437
4.92968
1.03322
0.474471
1.03686
0.461623
0.825262
0.23252
3.28701
0.252884
0.950161
0.498035
0.88863
0.909925
0.619236
0.778456
3.14338
0.477593
1.28426
0.585673
0.777325
1.18885
0.864442
0.0852942
1.53025
1.12126
0.822055
0.331195
3.39594
0.682355
0.647874
0.96855
2.16724
2.16082
0.476985
2.50647
1.8109
2.09989
1.13887
0.664986
1.29375
2.80269
0.991235
0.748738
0.789917
1.01822
1.59157
0.527542
1.90389
2.65549
0.876499
0.840375
0.869635
0.246056
1.47102
1.40508
0.127648
0.380347
0.740613
0.369861
1.73143
0.689737
0.12594
2.49745
1.05205
0.466882
0.640333
0.69295
0.527416
0.772514
0.583993
0.885401
0.780798
1.18647
0.253154
1.71913
0.84821
1.55132
0.795737
0.136763
1.17059
1.95925
1.89191
0.881481
0.231282
0.358
1.09075
1.56586
1.09982
2.26656
1.63704
1.04741
0.589483
0.965931
0.829036
0.703152
2.07988
0.601216
0.498939
1.0876
2.03594
0.785285
1.59685
0.934895
0.35559
0.453682
0.904635
0.12431
0.434256
0.920365
0.308794
0.792171
0.268034
0.5148
0.942655
1.6028
0.745068
0.686903
0.250467
0.0822034
0.931882
0.88016
0.966539
0.835583
0.692649
0.651974
2.03215
1.07224
1.27285
0.965428
0.417054
0.467052
0.98848
2.58429
0.779391
1.44879
1.15505
2.03013
0.651208
0.703609
0.527895
0.211748
0.203372
0.80057
1.44228
0.883281
1.18601
2.80397
0.140808
1.38235
0.383861
0.443755
1.22536
0.427132
0.591419
0.401135
0.502412
1.0379
0.739418
0.110371
0.883079
1.11922
1.04526
1.94204
3.48501
0.728939
0.885625
0.622783
0.724607
1.62389
2.51384
0.744611
2.1569
2.77423
0.582902
0.765565
0.694492
2.14475
1.51584
3.41221
0.297487
0.994915
1.18991
0.852023
1.04966
0.357031
1.66958
0.329971
0.286754
1.28959
2.29667
2.44554
0.967917
0.547318
0.744255
0.358688
1.7543
1.25272
0.699031
0.501214
1.60089
1.02328
1.00002
1.01878
0.460498
0.466574
1.25708
0.375399
3.37111
3.07882
1.15903
1.67415
1.71255
0.944453
1.68321
0.758402
0.849156
0.146403
0.18331
0.44189
1.46009
0.0448857
0.30217
0.636971
2.34767
0.0459662
1.20439
0.839007
0.916339
0.735956
0.897442
2.94436
1.09725
0.326461
1.57951
0.581498
2.27373
1.1714
0.86924
1.85702
0.570742
0.517556
0.48302
1.16041
1.05958
1.24664
0.392386
0.871089
0.343317
2.01353
1.50382
1.52766
0.502475
1.73544
1.22219
0.797898
0.725077
0.315391
1.85894
0.699978
0.235549
0.919617
1.90059
0.851367
2.30303
2.50868
0.924281
0.780139
0.200895
0.906055
1.74954
0.193215
0.701493
0.490422
0.772514
0.7873
1.05796
0.988523
0.382593
0.291732
1.74631
1.73692
3.48601
1.42666
1.88935
1.7676
0.618442
0.323292
1.751
2.29573
1.23258
0.855353
1.70925
0.578136
0.223499
2.20824
1.45779
0.276232
1.58476
0.941715
1.41458
0.611849
0.223455
0.666747
1.22841
0.680569
2.38323
0.412303
1.54388
0.934641
0.770819
0.517062
3.00194
1.47924
0.384343
2.37711
0.183345
0.515359
1.13831
0.958568
2.05412
0.261776
0.741764
0.821345
1.33923
1.15102
1.58155
1.8521
0.968137
0.732806
0.96658
0.741606
0.499359
0.590484
0.489832
1.49135
4.54775
1.17163
1.80747
0.180244
2.66995
5.08098
1.02462
0.662041
0.838281
1.79752
0.469731
1.06923
0.280145
0.249401
0.653751
1.49272
0.403784
1.3032
0.444375
0.570701
0.313269
0.203623
0.865286
0.238878
0.323965
0.82023
1.27093
0.283465
1.6683
1.12772
1.1056
0.485523
0.583438
0.48336
0.213197
0.287562
0.932142
0.784764
0.701302
0.907133
0.784177
1.1001
0.565294
0.953489
1.68585
0.854679
0.381652
1.37224
1.46836
1.38031
0.30057
1.0623
0.610303
2.57064
0.813216
0.528765
1.28832
0.80549
1.08244
1.03833
1.33896
1.77134
0.725846
0.636938
1.23884
0.57062
1.49121
1.96106
0.0948829
3.12126
0.696347
0.914774
0.544773
0.263772
0.691427
0.878205
1.01956
0.451244
0.295039
1.06174
1.14957
0.826512
0.590227
0.879782
2.17358
0.799502
0.595834
1.66693
0.887639
0.173927
3.29856
0.203405
0.556026
0.432321
0.297416
0.738514
1.80713
1.43519
0.725137
0.431688
4.2485
2.5829
0.80573
1.85771
0.753591
1.11182
0.806566
1.19837
2.52211
0.895008
0.61682
1.63751
0.409559
0.337548
1.08191
0.185871
0.946473
1.76503
2.2343
0.741126
0.359781
0.736566
0.769981
0.349601
1.31091
1.60532
1.1293
0.310675
0.111326
0.646449
1.37329
0.764251
0.535665
2.34962
1.12507
1.75039
0.638779
0.626013
0.875507
1.31478
0.272659
0.676531
0.440036
0.173352
1.21579
2.15893
1.0441
0.281838
3.39462
2.34865
2.45743
0.846212
0.957025
1.43074
0.966855
0.175138
0.889087
1.65161
0.35633
1.09442
1.64714
1.77065
0.583493
3.16965
0.467615
1.02286
2.08315
0.501008
0.829094
1.58657
1.18094
0.187522
1.27234
0.447034
0.886209
0.409833
0.62153
1.84836
0.0467937
0.312848
0.679704
1.12857
0.191358
0.648108
0.549213
2.13679
0.779843
0.665619
0.740201
0.530085
1.58717
2.2378
1.06485
0.891001
0.603062
0.510757
0.762837
0.852174
0.136247
0.467638
0.330682
1.58327
1.63174
2.72052
0.196302
0.257797
1.25658
0.864808
0.23822
0.448553
0.613036
0.642921
1.36243
0.930419
1.18945
3.36495
0.889432
0.554911
0.409366
1.56205
0.361115
1.1031
0.168062
1.42703
0.687654
1.07945
0.631335
0.854985
2.55267
1.54129
1.05124
2.91867
2.0723
0.28864
0.897017
1.26088
2.23687
0.355669
0.64084
0.257897
0.30063
1.1997
2.02743
1.79405
0.57597
0.253188
0.737165
0.83592
1.24946
0.830462
1.8232
1.00187
0.520791
0.11017
0.995678
0.78464
1.68257
0.281693
1.71543
0.842104
0.449861
1.21351
1.42225
0.184208
0.577446
1.1456
1.13183
0.247372
1.25227
0.807549
1.05553
0.354589
0.99669
2.01279
0.486256
0.454391
0.636902
0.257649
0.46037
0.598701
3.4533
1.62855
1.43444
2.21532
1.54445
0.760386
0.811933
0.906866
0.938991
1.71746
1.37038
2.48112
0.243718
1.28637
0.772475
1.06523
1.14674
0.553449
1.08687
0.697269
0.246098
0.926982
0.398617
1.69317
0.0877925
0.426425
1.02049
1.46592
0.500813
1.09349
1.06044
0.334076
0.833438
0.109298
0.338675
0.958122
0.946074
1.30488
1.51436
2.31095
0.26184
1.75377
1.81969
0.633411
0.380071
0.355551
1.25348
0.220193
1.96826
0.314702
1.75593
1.00472
1.73143
0.948175
0.722331
0.476653
0.0988513
1.11671
0.489698
0.587931
1.40009
0.319592
0.427909
0.724122
0.799753
0.995078
1.13207
0.666174
0.411721
0.711275
1.27658
0.370044
0.705796
0.80876
1.17978
0.0978792
0.87828
0.419852
0.356483
0.451036
2.99823
0.762889
1.046
0.841445
0.168726
2.30583
0.837257
0.839097
1.28488
0.502672
0.231864
2.41393
1.294
0.861503
1.082
0.197126
0.711428
0.804874
1.14525
0.557142
2.70641
0.36676
2.54607
3.60362
2.78686
0.650363
0.550819
0.501996
0.247449
0.619278
0.819682
0.455142
0.460228
0.706468
0.916497
1.33123
1.46117
0.32054
2.12358
1.38864
0.596884
0.324639
0.818483
0.686646
1.18478
0.878585
2.32238
2.03748
0.18113
1.01147
1.83682
0.84709
0.456299
2.26709
0.195644
1.10692
0.697659
1.17925
0.898
0.714669
2.05767
1.55095
0.450722
1.03188
0.935486
0.533596
0.128316
0.200071
1.26606
1.96194
0.759344
0.348314
0.586779
2.24372
1.57118
0.486725
0.681492
1.67987
0.237585
0.864678
2.53027
0.468319
2.04783
0.459629
2.10752
1.24866
1.2304
3.95036
1.12071
1.43392
0.40179
0.606799
0.771274
1.15869
4.04908
0.666794
2.09831
1.4925
0.404296
0.615956
0.700862
0.188427
0.295062
0.525264
0.914968
0.487834
0.456226
0.15213
0.792545
0.577786
1.55983
1.01288
0.616621
0.542623
1.88554
1.10513
0.87312
0.162842
0.431779
0.944273
0.611077
1.23402
0.748234
2.70873
2.4007
1.00335
1.67589
1.21251
1.79397
0.625695
0.292314
0.380787
0.190512
0.584266
0.668197
0.397158
0.869909
0.427137
0.80947
2.63314
0.640495
0.394039
1.48829
0.456962
0.888533
1.12998
0.638953
0.975791
1.04386
0.940089
2.65756
3.12105
1.83994
0.901332
0.691146
0.290169
0.310284
0.413259
1.24528
0.972882
1.12879
2.09978
0.524021
1.19546
0.532792
1.01699
0.340957
1.10306
0.450375
0.479845
0.687693
0.919461
0.439215
0.488793
0.35523
0.648259
0.484068
0.162246
0.339052
0.546394
0.193161
1.25594
1.1926
1.0686
0.243108
0.178129
0.974533
0.221093
0.61687
1.94046
0.572189
1.03952
1.24246
1.92786
1.00166
1.83898
0.18888
0.593078
0.443035
1.03821
1.12943
0.983071
1.12324
0.845464
1.05498
1.59099
1.56004
1.17527
0.248636
1.28846
0.80906
0.499591
2.09335
1.71493
0.395479
1.09895
0.363702
1.30373
0.90143
0.232057
1.30962
0.791658
0.767972
1.75036
0.956126
1.00291
0.992063
0.699248
1.73991
0.558827
0.813194
0.846422
0.230246
1.17709
0.48264
0.118369
0.300194
0.814021
1.01104
1.30668
1.48967
0.640454
2.41578
0.442407
0.0781136
1.18979
1.4414
1.32904
0.383987
0.698556
0.289354
0.342499
0.186048
0.190395
1.05532
0.928206
0.215035
1.26595
0.606072
1.32582
0.540858
2.43236
1.31746
1.14144
0.125137
1.48253
0.724305
0.805345
1.10393
0.664187
0.816036
1.44512
0.273313
0.759938
0.140435
0.673909
1.10891
1.29278
0.574699
0.389662
2.18257
1.1905
1.7743
0.142456
0.989623
1.04269
0.56892
1.24168
0.434711
0.919474
0.665844
0.60491
1.92596
0.950123
1.73693
3.50628
0.678337
2.25338
0.677723
0.797562
0.284795
0.170957
0.680965
1.27489
0.0733185
0.6905
0.427322
1.14963
0.884389
0.284195
1.56587
0.230165
0.769166
0.466186
0.82885
0.217793
0.871891
1.14847
0.187436
0.962254
2.69508
0.415895
0.775407
1.00536
1.00705
0.198717
2.36889
1.19398
1.08609
0.693927
0.250385
0.418444
1.07328
0.205072
0.779411
1.27476
0.314708
1.45067
0.48836
2.48102
1.00133
1.52607
0.9559
0.828609
1.14946
1.34773
0.857213
1.3203
3.06452
2.07309
0.778486
0.874192
0.477225
1.51279
0.608368
0.959393
1.46861
1.2477
1.0425
0.0200913
1.12221
0.611967
0.382187
0.811935
1.02475
1.49739
2.86736
0.766743
0.491564
1.03987
1.09168
0.344332
0.606907
1.2512
2.28151
0.751312
1.80211
0.550032
0.308278
0.814954
0.0513499
0.0790637
1.21144
0.33718
0.456071
0.483317
0.238706
1.57695
1.4698
0.124581
0.56881
0.766294
1.15647
0.561165
0.679888
0.693109
1.96373
0.674795
1.48149
1.26675
0.513926
0.502471
0.364645
0.695763
1.26084
0.705251
1.16967
0.443705
1.64828
1.70464
0.532326
1.00002
1.7502
0.374762
0.3174
3.60124
0.518605
0.715931
0.625795
2.92451
0.446491
0.236403
0.0175199
0.721211
0.466208
0.853097
0.571738
1.52277
0.167033
0.237654
2.20105
1.55209
0.559077
1.35681
0.462059
1.36633
0.944449
0.141908
0.432897
0.139303
1.1579
0.741786
0.927573
1.03232
0.941301
0.562682
0.724445
0.18653
0.606335
0.568432
1.18542
1.14337
2.58829
1.78764
0.271806
1.10173
0.84925
0.227437
0.692398
0.78176
0.691312
0.285893
2.22208
0.834506
1.06919
0.247899
1.75259
1.15456
0.719989
0.866279
1.64771
2.54678
0.419537
0.630593
0.286982
1.80541
1.18072
0.453424
0.3937
0.492666
0.102558
3.3047
0.360574
0.754196
1.39612
0.940662
0.381042
0.115
1.33898
0.763314
1.02403
0.719545
1.27998
1.77229
0.132904
0.662336
1.99169
0.237121
1.08682
0.834942
1.00725
0.369578
0.597809
0.411711
0.39598
2.31996
1.14369
1.36961
1.21606
2.21624
3.95442
2.00113
0.980516
0.311003
0.219329
2.30735
1.60982
0.614694
0.487462
1.2871
1.02517
3.51242
1.23962
0.871117
0.500051
0.329635
0.759796
0.184819
0.795473
0.234937
0.134556
1.36088
2.58943
0.676123
1.50054
0.487368
0.616656
0.648857
1.01333
1.18726
0.967946
1.70079
1.07496
0.663484
0.506867
0.3649
0.256439
0.157989
1.08556
0.859354
0.363871
0.330803
0.203237
0.784366
1.76128
1.77618
0.631929
0.283569
0.843111
0.688722
3.14869
1.2437
1.53722
0.500416
1.23208
1.17975
0.78957
0.157259
1.18695
1.34009
0.804056
0.461514
0.139433
0.181192
0.372976
1.28374
0.76114
0.997141
1.50529
0.791453
0.552271
0.467226
0.99518
3.80314
0.784006
0.313915
2.1407
0.58795
0.515212
0.331319
0.763079
2.10183
1.32298
1.56319
0.728274
3.62227
0.438898
0.390847
1.30241
0.860827
0.0783663
1.25666
0.837889
0.738218
3.28942
0.458254
0.0906296
0.903698
0.482585
0.35709
1.17769
1.02338
0.395255
0.640848
1.1925
1.11858
2.00325
2.42478
1.79996
2.6352
1.64203
1.91228
0.465428
1.74429
0.298255
2.22397
0.901358
1.82942
0.227995
0.861493
3.62061
1.09429
1.1054
2.44235
2.45723
1.98394
1.47654
0.541617
0.200615
0.671145
1.21508
0.225642
0.141272
1.89104
1.18261
0.762301
0.284985
0.998849
1.32244
0.490568
1.81888
1.24167
0.25912
0.221213
0.91036
1.98282
1.57565
1.44851
0.205436
0.194854
0.294251
0.844785
0.313528
0.312414
2.50804
0.179435
0.390136
1.13894
0.233482
0.232566
1.22333
3.26206
0.139451
0.80583
1.69387
0.939182
1.90924
0.628359
1.25098
0.28886
0.320175
0.144725
0.262585
0.301315
1.0892
0.831619
1.87285
0.41724
0.167695
2.10989
0.416162
1.69183
0.176916
0.416103
0.501801
2.6292
0.861328
0.856572
0.198379
0.878825
1.87777
1.51857
0.4287
3.61939
0.354402
0.946071
1.38393
0.904068
1.64256
0.193486
0.367257
0.748202
0.728239
0.809687
1.42375
1.34352
1.12379
1.28058
0.311043
0.165942
0.340569
0.501514
0.519211
0.785227
2.1954
1.15574
0.513332
2.06258
0.385342
0.53519
0.1187
0.835468
2.55481
1.66317
1.25323
1.16382
0.285204
0.88776
0.662559
0.875197
0.417103
0.917326
