2.05725
0.152699
0.901624
0.174658
1.13235
1.41588
0.660322
1.21413
0.494615
1.27005
0.856177
1.84161
0.422601
0.364872
0.114093
1.08984
0.105878
0.252326
1.59918
0.309413
0.521601
2.33704
0.337974
0.833987
1.42028
0.285843
0.855009
1.5146
0.210957
1.15221
0.108927
0.217585
0.246059
0.666325
0.391659
0.155146
1.07469
0.120042
0.67001
0.0864792
1.84533
1.19682
0.110687
0.131647
1.12062
1.2165
0.878774
0.0254855
0.418306
2.16317
0.558373
1.94161
0.190375
1.93356
1.4122
0.427746
0.380398
0.854312
1.6113
0.192732
0.349969
0.778588
0.266231
0.919593
0.00455349
0.262926
0.107872
0.243039
2.39326
2.15243
2.73714
0.00510389
1.83833
1.92558
1.9374
0.250034
0.250786
2.49123
2.05843
0.00645498
0.333554
1.47706
1.27279
0.624189
0.204018
0.00888929
1.27876
1.58779
0.078241
0.836159
0.130473
1.10326
0.283553
0.820462
1.0187
0.806021
0.9296
2.36394
1.86387
0.223376
1.20273
1.05299
0.214203
0.826507
0.446212
1.77924
0.868087
1.02163
0.352209
0.378048
0.526691
0.122909
0.85941
1.5563
0.00239273
0.098753
0.159839
0.0441944
0.430199
0.492509
0.177712
0.412095
1.30532
1.77627
3.31654
0.0303265
0.474927
0.128923
1.19329
0.0639717
1.19096
0.607561
1.08162
0.593588
0.41298
0.05556
2.23512
1.43437
2.64913
2.55623
0.0410633
1.73465
0.237762
1.01449
0.35591
0.598935
0.620093
0.225707
1.63978
0.297313
0.72544
0.658806
0.203654
0.114561
0.275501
0.462735
0.763367
1.95801
1.17594
0.658863
0.860781
0.648055
0.285568
0.340437
0.446008
0.424248
0.0225661
0.461882
0.285781
0.645003
1.56419
1.98318
0.146656
0.271992
0.297599
1.53504
0.0406629
0.0235897
2.39401
0.157924
0.896505
0.768699
0.0245671
1.08545
0.514964
0.261342
0.242278
0.293164
0.980792
0.146252
0.45735
2.59432
0.299672
4.92604
0.105759
0.212026
0.327711
0.807218
0.348209
0.0728272
0.456996
0.0924199
0.23655
0.340482
0.189288
1.55323
0.0891678
0.349981
0.28567
1.64613
0.469293
3.10646
0.199175
0.398988
0.339578
0.352567
0.583461
0.0968898
1.33106
2.31699
0.0432361
0.604621
1.70219
1.55937
0.407858
4.27729
1.38183
2.2353
0.217869
0.0216489
0.490957
0.174847
0.174786
3.72849
2.31799
0.542008
1.03732
3.33772
0.920496
0.645621
2.01778
0.792389
0.799209
0.545147
2.807
0.991753
0.637296
0.338238
0.72668
2.42206
0.0935518
0.596404
0.572526
4.27271
2.03905
0.446106
0.961773
0.638831
1.70563
0.273186
3.05416
0.79961
0.636793
0.823425
0.475286
0.137473
0.410064
1.52463
0.9658
0.915046
0.10489
1.16213
0.260431
3.82592
0.0587361
0.701252
0.327765
3.43084
0.0973942
0.00527212
0.197467
0.51254
0.748713
0.0895952
0.169249
0.394697
0.304539
1.19958
0.804958
1.83416
0.981476
2.15211
1.01136
0.53848
0.432371
0.319667
0.68057
2.19405
0.559981
1.26632
0.0282591
0.236545
0.670565
0.328446
0.268723
0.697936
0.806918
0.0754492
2.312
0.530523
0.0930349
0.574707
0.910154
0.398871
0.119949
0.607596
0.294823
0.083851
1.95119
0.559704
0.518674
0.253402
0.0822116
1.65043
0.157191
0.683446
0.157745
0.275664
0.953219
0.0757495
1.60281
0.573197
0.991956
0.910264
1.32997
3.54121
1.61636
8.30298e-05
1.14312
2.9286
2.83853
0.846311
0.41296
0.7193
0.431721
3.05025
1.0731
0.143666
1.03356
0.250391
0.82612
0.612133
0.243929
0.696436
2.50348
1.06497
0.179135
2.29695
2.45258
2.339
0.54147
0.646435
0.979094
1.06338
0.931861
1.20011
0.725937
1.10261
0.862718
1.48217
1.84031
0.317201
0.0202171
0.948346
1.0452
1.01283
1.3875
0.416425
1.34424
0.190444
0.491596
0.220758
3.17746
1.05341
0.784232
2.69806
0.33398
2.18981
0.752364
0.130112
0.280571
0.599825
0.115365
1.41349
0.0836175
1.63235
1.69742
1.22435
0.0808845
1.33971
2.95988
0.966732
1.675
0.238795
0.198457
0.333157
0.224425
0.529372
1.15788
0.855401
1.64037
1.26799
0.173102
1.62611
1.04464
0.593377
3.21774
0.551106
0.987598
1.44926
5.84898
1.16122
1.66703
1.46433
0.510719
1.2289
0.44712
1.6387
1.17824
0.572572
0.374815
1.28135
0.34846
0.0469205
0.226402
3.27175
1.31366
2.81199
0.617299
0.809849
4.8069
1.81558
0.465098
1.17811
1.77391
1.61221
0.367383
0.546034
0.413358
0.561382
3.11008
0.149869
0.532694
0.369114
2.14687
0.0830066
0.727793
2.37327
0.341212
0.533649
1.52812
3.22147
0.0436382
0.683839
0.776099
0.92808
1.32316
0.0798134
4.55343
0.884402
0.781509
0.0207154
0.414832
0.474423
0.344959
0.801276
0.255695
0.367056
0.598053
1.55005
2.34927
0.666382
0.526516
0.0761105
0.31595
0.81923
1.61204
0.331167
0.258077
1.40618
0.723282
0.144411
3.1081
0.678766
0.723509
2.04007
3.35813
0.465512
0.458551
0.136294
2.47262
2.56684
0.0423803
0.35792
1.05537
0.456085
0.134379
0.121323
0.0112015
2.75319
2.34818
1.9716
0.064409
0.474075
0.201916
0.328627
1.13593
0.0436606
0.525256
3.98813
2.21922
2.21358
0.347355
1.24985
0.265685
0.768004
0.113833
1.04378
0.351013
0.80801
0.307902
1.11882
1.05577
0.501573
0.391899
2.7658
0.0427044
0.985336
0.888652
0.611592
1.34392
1.18921
9.06558
0.589176
5.56863
2.69006
1.48431
0.477049
1.27097
0.0811422
0.604728
0.248404
0.768814
4.95911
1.92939
0.211615
0.345283
0.3333
0.284371
0.121902
0.0675553
0.257425
0.865218
0.810077
3.17558
0.295061
0.32621
0.245845
0.319659
0.293459
0.0898846
2.14231
0.0400369
1.03541
0.624939
0.202112
0.0446547
0.610559
0.845055
3.76492
0.234805
2.19607
2.81871
2.28312
3.14726
3.32435
0.440507
0.7534
0.909269
0.329422
0.773235
3.98548
0.286527
0.235078
0.092458
0.711046
0.786136
1.02042
0.746116
0.0793139
1.38059
0.122795
0.406317
3.07753
3.16302
0.373052
0.0354444
1.83849
1.85374
1.61304
1.51461
0.827299
1.94645
0.360009
0.594236
2.24387
1.80438
0.684557
0.549085
1.6732
0.216502
0.42262
0.105718
1.46885
0.192956
0.0725309
1.08794
0.104927
0.362342
1.00756
0.100658
0.198232
0.0134426
0.262331
0.0705893
0.932506
0.590367
1.9781
1.48447
0.78673
0.294709
0.0525997
1.15367
0.263251
1.7189
3.10187
0.529058
2.09931
2.18438
0.0190012
0.315068
0.011929
0.159419
1.34842
0.126709
1.03451
1.22699
0.306562
0.840498
3.73738
0.587062
0.462096
0.81815
0.246194
1.57041
0.0405494
1.81072
0.391433
5.6817
0.0335869
0.106835
3.16294
0.0566711
2.00605
0.272255
0.249086
1.08114
0.00634242
0.440821
1.70936
0.0317061
0.0356731
0.544478
0.394916
0.970499
0.95447
0.935817
1.17094
1.19045
0.521372
0.925179
0.589893
0.722921
0.112495
0.971969
0.485492
0.780117
0.799117
2.10338
0.490046
0.560623
1.72326
0.774259
0.520753
0.513945
0.566304
0.000500555
0.315634
1.18812
0.446777
0.113061
0.216099
0.86569
1.78147
4.8776
0.0937061
0.964629
1.17311
0.476222
0.99831
1.25565
1.1226
0.078979
0.459055
0.409881
0.413687
0.20298
0.0542754
0.757238
0.460692
0.0924598
0.215654
1.73
2.63492
0.172379
2.94453
0.082144
0.0709551
0.514403
1.64041
1.38793
0.502917
2.80808
2.15619
0.605475
0.865102
0.898383
0.287157
0.451598
0.240906
0.257375
0.00404803
0.0609367
0.426021
0.949511
0.465836
1.74699
2.34125
1.91964
1.04991
0.585693
0.957753
0.0734798
1.03816
0.911821
3.31229
1.37331
0.48982
0.709528
0.591415
0.431434
2.72681
0.373461
0.223979
1.23949
1.4685
0.558364
1.66753
1.50889
0.542118
0.397777
0.180522
0.389116
1.44394
0.0214127
0.637586
1.65388
0.496204
1.27531
0.100785
2.6052
1.2888
0.696005
1.27765
0.319537
0.941398
1.38049
0.52531
1.14222
0.272353
0.773009
0.609228
0.184256
0.312467
0.0743558
0.389483
2.75331
0.0228338
0.484088
0.341703
0.123661
0.675243
2.4905
1.28062
1.69489
0.427128
0.584684
1.10595
1.2232
0.727994
0.226305
1.56719
1.73405
0.233584
0.125295
0.109374
0.238136
0.592627
0.245115
0.408465
0.718136
0.986011
0.00637288
1.20132
2.04106
0.832968
2.10127
0.0164032
1.83096
0.0954146
0.923724
0.284054
1.71338
1.8015
1.57188
4.22933
1.06937
0.191474
0.768599
0.071607
0.121967
0.19737
0.540793
0.86811
4.8667
2.09354
0.0687807
1.32558
1.50559
0.949105
0.555635
2.15126
0.305966
0.15461
0.0742517
0.954696
1.48472
0.21057
0.0802509
0.00693622
0.437357
0.47937
0.0765102
0.0205408
3.88022
0.0529018
1.90111
3.19546
0.953095
0.904096
4.03875
0.473504
1.46585
1.0179
2.27658
2.36167
0.309192
0.00107803
0.19811
0.872176
1.00947
0.396504
3.00214
0.687202
0.571383
1.01722
0.392335
0.276476
0.591383
0.503311
0.30283
1.41958
0.0945073
0.999219
1.73615
0.05926
0.468211
0.364578
1.88465
1.55917
0.736321
0.338387
0.355005
0.0798783
0.377807
1.6438
2.08383
0.2378
1.15673
0.220737
0.837575
2.81525
1.20368
0.379468
0.41864
2.46867
1.28793
3.37299
1.10383
0.933641
4.76744
0.554758
0.5242
0.285695
0.303577
4.55753
0.32502
0.379318
2.0348
0.256488
1.1204
0.306255
1.2653
0.0968028
0.662984
1.43922
0.147139
0.479845
0.704933
0.102731
1.5248
0.643047
0.445157
1.01784
1.22245
0.9674
0.109932
2.60158
0.602073
1.10178
3.65412
1.4072
1.09248
0.575224
0.548613
0.294608
0.856883
1.47875
1.00675
0.0373304
0.516659
0.475934
0.316282
0.826449
1.25343
0.360075
2.76128
0.938755
0.0232344
0.361742
3.75013
0.65824
0.388296
0.627093
3.61252
0.147515
1.95356
0.652162
1.66058
2.05669
1.22739
0.93765
0.711006
0.518418
1.77674
0.277645
0.0786995
0.158161
0.0817379
2.70027
0.320149
2.38151
0.813957
0.363823
0.233055
0.319785
0.0620184
0.492251
1.02176
3.38133
1.08034
0.771524
0.741682
1.48587
0.70802
2.06555
2.32737
0.696492
0.85356
0.330868
0.4675
2.52968
0.212286
0.800715
0.148533
0.271867
0.294959
2.05009
0.421707
0.199052
3.46654
0.245541
0.198356
0.92581
1.23458
0.146248
2.25448
1.08928
0.552575
0.19549
0.997235
0.100592
3.55512
0.183002
0.421178
0.0498004
1.03912
0.0963163
0.0321652
0.306267
0.361946
0.885175
0.62796
0.0873481
1.54377
1.14059
0.357697
1.75729
1.31469
3.12415
0.155025
0.377672
0.45576
0.0186607
0.498169
1.25308
1.51882
1.48626
0.604749
0.227768
2.20992
0.635613
1.33002
0.0354955
0.33171
1.68298
0.516217
0.27219
0.32206
0.038033
0.637779
0.177893
0.584452
0.247121
0.0885398
0.0045463
1.73842
0.0744757
1.4207
0.210684
0.0434918
2.7172
0.626279
0.731207
0.0442432
2.53548
0.654155
0.0522118
0.830079
1.03099
0.262256
0.442977
0.609096
0.116553
0.863465
0.900936
0.401469
0.474205
0.160142
0.390538
1.38148
0.182518
2.5256
1.47515
0.397371
0.553813
0.306128
0.682446
0.0733602
0.109851
0.125053
3.78486
0.304418
0.073994
2.39301
0.915689
0.127352
2.95265
0.0386587
0.413299
1.00352
0.0160485
3.26594
0.982668
1.39108
0.676617
2.0238
0.667472
0.113126
0.0973255
0.116728
0.766336
0.336753
1.18759
0.78858
0.00124069
0.386457
0.120706
2.8186
1.78677
0.546723
1.70643
0.133278
0.354025
0.493899
0.367731
0.946326
0.760007
1.25062
0.691613
0.231517
0.343219
1.8939
2.3196
0.879638
1.85962
3.21573
0.732806
3.06745
0.908134
0.760711
2.40961
0.534589
0.836937
0.654656
0.00582575
0.501258
0.686215
3.62725
0.166852
3.35751
1.71124
0.364095
0.252434
1.33387
0.190135
0.384401
2.52948
0.874394
0.352957
0.817687
4.22884
0.244911
0.0670277
0.585933
0.719789
1.20628
1.37763
3.17347
0.00817042
1.06762
0.461275
3.65835
0.21758
0.198692
1.55999
0.315031
0.299743
0.386266
2.35493
0.336527
1.38567
0.304473
0.897431
1.62754
0.78062
3.25626
0.974681
0.160401
0.00892062
0.557488
0.260051
0.860223
0.170734
3.16053
0.109965
1.16908
0.354886
1.14169
1.53691
1.07995
0.755746
0.466935
0.423703
0.898902
1.38477
1.75858
0.653558
0.460239
0.214033
0.580433
0.0362146
0.0441846
2.17189
0.148928
0.218144
0.645758
0.527154
0.647056
0.490213
1.71679
1.61355
0.644806
2.03017
0.540816
0.138587
0.829155
0.443679
0.177674
0.7915
0.555984
0.215389
0.861271
1.23392
0.607076
1.71379
0.757232
0.160661
0.322382
0.0515993
0.17069
0.128589
0.116226
2.26439
0.279697
1.82828
1.33845
2.41751
2.28174
0.0124747
0.0160898
0.331576
0.109482
1.49858
0.365524
0.397207
3.06595
0.109385
0.033396
2.20693
0.878214
0.820769
1.49043
0.407761
0.879719
3.08815
1.95178
1.0181
2.70332
0.517255
0.0428156
0.347561
0.0357465
0.133838
0.552415
0.957923
0.943544
1.44545
1.0488
0.416706
2.43728
0.188751
0.766353
0.200303
2.36148
0.955319
1.11802
0.171334
1.34036
1.51887
1.98357
1.98377
0.288282
0.509445
0.803032
0.331333
2.34955
1.0463
0.0696849
0.134701
1.62873
2.89297
0.276868
0.993593
0.271897
0.589596
0.280766
0.290093
0.209155
0.428104
1.08139
0.297547
0.88899
0.474242
0.15848
1.01981
2.57712
3.2486
1.73868
1.29624
0.558164
0.643622
1.23677
2.42038
0.0491291
0.22244
0.325537
1.11138
0.346196
1.48276
0.351249
0.155726
1.21159
2.49293
0.661338
0.451562
0.115383
0.0621351
1.35938
0.63807
0.0299666
0.766731
1.07364
0.226199
2.24128
1.43303
1.76392
0.151596
1.00212
0.00947254
0.253444
0.113057
0.172711
2.46275
0.0797919
2.27316
0.0589669
0.0558335
0.725411
1.636
0.585982
3.9729
3.14443
0.33909
0.315731
1.65168
1.09189
2.95907
1.80357
0.630208
0.644715
0.137863
3.24341
0.390425
1.13659
1.88667
0.0763681
0.0199792
2.41149
4.28882
0.93151
2.44486
1.11168
0.630784
2.20784
1.39031
0.018239
0.0446042
1.34554
0.638025
2.06961
0.0214712
0.919558
0.127195
0.520622
0.233705
0.917925
0.486048
1.08279
0.30014
1.03651
1.07302
3.6553
1.24721
0.58505
0.986655
0.116973
0.123728
1.37872
0.328746
0.396088
1.66214
0.192243
0.0107923
1.6976
3.74516
1.2233
1.37946
2.05759
0.609333
1.24053
0.510042
1.05414
0.370276
0.484643
0.210905
3.26658
0.0788282
0.56913
3.1795
2.59364
2.06983
0.626814
0.335149
2.03335
1.1574
0.71121
0.245063
0.0368585
0.0533393
1.25176
2.44142
1.0525
1.31065
0.550226
2.05643
0.0843337
0.231867
0.0799396
1.13756
0.0162319
0.0248075
0.106342
1.72681
0.148572
0.216485
1.70222
1.43381
0.220741
0.183324
0.223988
3.36947
3.49501
0.443769
0.0408303
0.0280964
0.747072
1.20873
1.57985
1.28894
1.32239
0.614428
0.615716
0.340676
2.24714
0.140459
0.728309
0.183165
3.34353
0.0599522
0.0898367
2.43187
1.0306
1.22767
0.693103
2.60997
0.813021
2.06716
0.871469
1.73105
0.707511
0.902364
2.22551
2.05767
1.4249
0.833321
0.709239
0.166915
0.240493
1.22538
1.04398
1.26034
0.38082
0.344582
0.497046
0.655371
0.0906342
0.0829006
0.46604
0.437476
1.44844
0.195611
0.946559
1.17742
0.833152
0.222856
0.672492
1.82543
1.07151
0.941005
0.625895
0.0879651
2.81137
0.171815
1.46873
0.503968
6.18719
2.75517
0.590592
0.31743
1.56116
2.5788
0.408251
1.86773
0.755573
1.62059
1.473
2.44271
0.981039
0.469423
1.06558
0.206678
1.15503
2.24864
0.646028
0.127728
0.0381465
4.30726
1.42763
2.69129
3.25836
0.49109
0.0354691
1.28111
0.381981
0.415533
2.42761
0.0504214
0.373974
1.68036
0.459366
0.334756
2.47429
1.28271
0.385707
0.0675005
1.17121
0.598909
0.446907
3.0691
0.507682
0.258887
0.130256
0.0437035
0.420196
1.07736
0.793349
1.74932
0.931866
1.48066
1.68488
1.21506
1.04735
1.73935
0.718283
0.846996
0.95981
0.556152
0.897929
0.00377515
0.409568
1.42523
1.16885
0.75944
1.55327
0.452992
1.01647
2.50362
1.48182
0.837642
1.53746
0.602139
1.14876
0.865593
0.34535
0.0769797
1.14565
5.08606
1.6808
0.412618
4.00645
0.357652
0.297645
0.249131
0.105133
0.408461
1.99755
1.42344
0.995461
1.43896
0.695302
0.320496
1.185
2.14829
0.158393
0.145742
0.513459
1.01606
0.43668
2.24119
1.06276
1.50087
0.916401
0.256144
1.69445
0.0428216
0.613112
0.192237
0.320812
2.89032
0.520588
0.156437
2.70893
0.800568
1.11032
0.152919
0.0827065
0.831764
0.107262
1.55425
2.27291
0.153194
1.57573
0.251434
2.1296
0.193978
1.15486
0.760636
0.395238
0.470885
0.109132
1.93744
0.686661
0.197845
0.0746077
0.665771
1.01698
0.663392
0.0344478
1.47572
0.0288082
0.0494848
0.892155
0.608652
0.232816
0.388619
0.0767673
0.360977
0.85755
0.0704717
1.56717
0.0669257
2.39804
0.396069
3.95442
0.480947
0.0415512
1.92814
1.6187
0.234582
0.0179331
1.89459
1.28835
0.782431
0.330873
0.338654
1.10881
0.241267
1.23924
0.280128
0.265244
0.565042
0.342883
1.62816
1.26803
1.06762
0.637385
0.218609
3.6121
2.09176
0.33301
0.294167
1.50429
2.01139
0.895841
1.21873
1.07063
0.924487
1.03317
1.2355
0.435428
0.985332
1.0281
0.0565164
3.51442
0.143805
0.684336
1.28167
0.31368
0.657401
0.365439
3.48989
0.0938083
0.350646
0.425822
1.04984
0.15003
0.607666
0.32345
2.18657
4.82974
0.105643
1.32712
0.888759
0.123583
1.44095
0.0566448
0.0741339
0.0589267
0.732791
0.0678104
0.626014
1.71115
0.423466
0.564847
2.05893
0.374584
2.21542
3.22984
1.10999
0.0649768
1.2523
0.193192
0.10692
1.6643
0.394723
0.393054
0.60623
0.0722772
1.32235
0.0506778
3.55377
0.0973004
0.859881
0.0870808
0.046915
0.243718
0.654782
0.96948
0.812412
0.606062
0.401619
0.0583361
0.158952
0.0355005
0.416337
0.814915
0.12308
1.7511
2.00647
1.6848
0.096571
0.207624
2.32436
0.0876113
4.12724
0.628395
0.475349
0.675805
0.709498
0.561432
0.0845705
0.110071
6.06813
0.477362
0.15437
0.758515
1.76925
0.219254
0.228477
0.129363
1.10867
0.500992
2.42281
0.127194
0.602364
0.470874
0.728884
0.757315
0.618967
0.180528
1.14043
1.02425
1.18074
0.0594431
1.41576
0.129435
0.935762
0.0162145
0.09664
2.9555
0.0276196
1.00882
0.0358127
1.13173
4.40565
0.674639
0.371245
0.526584
0.423283
0.601444
0.41083
0.641914
0.679158
1.43131
0.267911
1.5029
0.145502
0.525716
0.542524
0.135302
0.302248
0.962131
0.475084
1.36584
1.05329
0.5324
1.67479
1.55879
4.38908
1.10428
0.92329
1.30654
0.18086
0.438758
0.0102933
4.46073
0.374935
0.854393
0.319518
2.30562
0.563016
0.557286
1.18671
0.744875
4.86864
1.15535
0.130225
1.37017
0.501424
0.00464847
0.136731
1.74793
0.268463
0.294409
0.419845
0.865126
0.108292
0.0764815
0.634062
1.95713
0.188407
0.870305
0.0756706
0.349515
0.758062
0.25513
2.58591
0.387669
3.09433
1.91563
0.680289
0.53903
1.86925
0.935508
0.165457
0.190831
0.641591
0.330126
0.365271
7.24168
0.315064
2.36972
0.460243
1.55631
0.0568029
0.172851
0.341986
0.382584
0.484213
0.528906
4.5037
7.778
2.1578
2.23153
0.0451296
0.549925
0.242618
0.747731
0.73917
0.14173
0.165069
1.46669
1.87253
0.974626
0.0201003
1.25848
1.31737
1.43173
0.179426
0.256162
1.71731
1.34066
0.0532259
1.44587
1.61325
0.426472
1.60578
1.34669
0.394951
0.867849
0.0336411
0.74121
0.55917
0.208961
1.61646
0.0970633
0.941084
0.693425
0.390642
1.73409
0.494877
0.195836
0.556071
1.28956
0.4225
0.111967
0.0574504
0.130432
0.148498
1.3466
2.67239
0.186607
1.22766
0.294444
1.16593
0.98998
0.706615
0.0186592
0.356058
0.151543
0.0880608
0.355812
0.796722
0.138965
0.742752
2.17422
0.612344
1.2969
0.523033
0.237385
0.018977
0.82533
1.10841
1.10831
4.90226
0.504847
0.561544
1.19676
4.95512
0.624791
1.33278
0.950754
0.137475
4.34924
0.043754
1.1913
0.236565
2.32793
1.13717
0.0496841
0.458045
1.28316
2.53246
1.36149
2.3851
0.182883
0.732995
4.55552
1.5595
0.577053
0.563934
0.987115
0.0753289
0.99391
0.626375
0.598818
0.801123
1.03936
1.78789
0.583344
0.396904
0.653859
3.93477
0.162855
0.873568
1.94113
0.340457
1.2911
0.173969
1.42906
0.694853
0.640792
2.33362
1.02964
0.209678
1.15008
1.81008
0.11047
2.75907
0.812803
0.366656
0.425095
1.09605
1.1747
2.53126
2.10262
2.93612
0.214478
0.62584
0.0124132
0.00694412
0.237255
1.56692
0.0478645
0.331139
2.0403
1.22031
0.204854
3.14738
0.0855385
0.0232328
0.0221792
0.247296
1.22298
2.18179
0.717074
0.876567
1.22783
1.86514
3.35853
0.35019
0.364727
2.30658
1.41271
0.777005
0.107555
0.259395
0.918274
0.160255
0.980745
0.382541
1.54744
0.139411
3.61509
0.489221
0.576311
0.393892
1.63467
1.35098
0.451642
0.92074
0.0441414
1.13624
0.672661
0.541164
1.0402
0.296283
0.153226
0.79877
1.16003
0.0184879
0.0618729
1.50016
2.1932
0.330225
0.239112
0.223867
0.913942
3.38669
3.94449
0.61652
1.49244
1.92609
1.14835
1.13086
1.21641
1.14669
1.54067
1.77963
0.763119
0.164101
0.440445
0.134751
1.50433
1.89134
1.3768
0.661309
0.38213
1.08169
0.477233
1.46402
0.493746
0.823969
0.566396
1.7833
2.72578
0.054518
2.12505
0.92914
1.02859
4.38011
0.673491
1.71984
0.279826
0.364425
0.0840298
0.828652
2.99722
0.450015
1.40967
1.42795
0.670955
0.133029
0.141839
0.531536
0.925992
0.815806
0.545046
0.311032
0.0183501
0.110967
0.0221235
1.23142
0.277243
0.112461
0.0142038
1.32962
2.04762
0.539422
0.313745
0.576973
0.679987
0.127339
0.297097
0.912553
0.688083
0.0999671
2.02138
1.94549
0.0416781
0.0390279
0.568975
3.39668
0.769882
0.253795
2.61925
0.316914
0.153183
0.915327
2.22662
2.81121
0.00651446
0.635341
1.73154
0.285707
0.270805
1.49626
0.675699
0.0897685
0.723731
0.711631
0.339858
1.87247
1.17811
1.42508
0.494596
0.187964
0.202871
2.66013
1.95595
0.066268
2.90808
0.37813
0.549763
0.349127
1.79679
0.183454
0.421412
1.25117
0.459618
0.015933
0.672343
0.0472155
1.21425
2.54994
0.874204
0.470499
5.18244
0.00440066
2.13681
0.287575
0.58019
0.465331
1.02015
4.68336
2.73754
3.84813
0.308452
0.226674
0.642529
0.317545
1.63297
3.977
1.52234
0.12308
0.163119
0.129917
3.0598
1.34134
0.34022
0.771732
0.83408
0.859736
0.129766
1.39156
0.541689
0.220613
0.390968
2.87045
3.37934
0.123386
1.74361
1.39694
0.122617
0.814958
0.793177
0.55461
0.431631
0.145007
1.48359
0.945126
0.557695
0.215326
4.32371
0.128517
3.59072
0.310015
0.491208
0.423694
0.334376
1.77979
1.35247
0.276876
0.188866
0.319383
0.484859
0.334278
0.923583
1.51784
0.802806
0.715832
1.57234
1.08813
0.865381
0.948807
1.70446
0.449895
1.73449
0.345869
0.187157
4.95237
0.748234
0.269284
0.473894
0.958456
0.50399
1.21788
0.0500091
0.408112
3.94729
1.69389
1.23954
0.991974
0.455998
0.29417
0.754152
1.69512
0.130578
0.855372
0.974987
3.03465
0.933015
0.282573
1.64219
0.733467
1.31857
0.976998
0.38676
1.20078
0.30864
0.408913
1.63679
0.433113
0.032256
0.219858
0.420265
2.68658
0.691248
0.259604
0.110195
1.31105
1.54882
0.244531
0.810666
2.45532
3.04093
0.668017
0.755331
0.153981
0.609293
0.0929513
0.0577634
1.30654
0.0972889
2.29185
1.15382
1.32651
0.980839
0.864081
0.431114
0.906971
0.504322
1.34742
0.373858
0.198274
1.69169
3.06071
0.623441
0.0050771
0.894232
0.918364
2.26268
0.0610332
1.79423
0.487183
1.63301
0.715193
1.18657
0.226656
0.174857
2.66084
0.309277
1.92974
0.722918
1.16342
0.512733
1.89173
0.285234
0.152248
0.653614
0.585534
1.72227
0.40646
0.76363
1.5466
0.306546
0.302105
0.734348
0.051471
0.610671
0.824922
1.31845
1.85081
0.900264
1.34534
1.11837
0.0886568
0.918073
1.9835
0.371582
0.235889
2.8998
0.12759
0.14942
1.17069
4.45144
1.08329
0.377923
0.250053
0.531545
1.29517
0.283179
0.637229
1.85414
0.237193
0.227398
0.402342
0.0194731
0.418391
3.02936
0.845778
0.104144
3.15801
0.318869
0.459351
0.196729
2.06662
3.26242
0.242991
0.0115822
1.34384
4.46468
0.470186
0.339408
0.591379
1.49645
0.961955
1.24887
0.402516
1.20292
0.0724742
0.333096
1.40546
0.168953
0.31043
0.693762
2.91563
2.10154
0.103583
0.486249
1.58535
0.100327
0.32147
1.30902
0.400699
3.26371
1.76009
0.674548
0.471823
0.276763
0.649737
0.0748886
0.0841903
0.196962
0.603729
1.24664
3.74313
1.98221
0.66301
0.827184
1.17707
0.33329
1.01303
0.51848
1.0642
4.01191
1.56939
0.517522
1.2324
0.0623963
1.62255
1.1479
1.52888
0.0935374
0.575347
1.52513
0.144811
1.02791
0.747884
2.55621
0.453105
2.77835
0.642257
0.105494
3.52288
0.241357
0.277543
0.000751467
1.05869
0.500713
1.4615
3.29497
0.51667
0.730001
1.13102
0.163743
1.07591
0.0231133
0.382842
0.0217955
1.54917
1.2085
0.0881622
0.235953
2.72935
0.172202
0.479648
0.403994
0.0637918
0.76435
0.527057
1.44202
1.61528
0.82747
0.301378
0.334086
1.35772
1.47651
0.0574606
0.260128
1.90682
0.635481
0.874627
0.401103
0.0275956
0.755035
1.94235
0.31726
0.226157
1.5294
0.394023
1.4939
2.19882
2.96632
0.313204
0.109121
0.747638
0.713969
1.21576
1.12186
0.411504
0.10726
0.96785
0.213779
0.510119
0.145332
0.418539
0.788827
0.252518
0.179545
0.725476
1.21848
2.79036
0.78664
2.13713
0.0348148
0.152163
0.16871
0.245867
0.871518
0.0849481
0.468924
0.424487
2.4972
0.0695992
0.270253
2.89108
0.905261
0.191247
0.215275
0.225601
2.52545
0.522827
0.703274
0.983672
2.48711
1.53012
1.64797
0.121492
1.12562
0.107052
0.646721
1.10068
1.59754
1.85496
0.146274
1.90792
2.12802
0.416644
0.0629226
1.27122
1.611
0.458886
0.971311
1.38586
0.194246
0.341713
1.24466
0.448689
1.12533
0.030221
2.45277
0.67473
0.967323
0.00274137
1.02623
2.50613
0.620818
2.37109
1.22166
1.38073
1.35533
0.575702
0.74877
0.530341
1.12792
1.00548
0.003203
0.699562
0.131642
0.129513
3.05407
1.84774
0.778229
0.0860485
2.15817
0.658528
0.195815
1.00323
4.6591
1.05463
0.155101
0.671029
1.67622
0.378994
0.525883
0.892956
1.47255
0.326815
0.117301
1.30631
3.77565
0.740881
1.48702
0.356874
1.12703
0.302414
2.73063
0.107585
1.5045
0.615642
4.89107
1.03402
2.0259
0.313282
0.590432
0.978452
0.887176
1.35044
1.01825
0.12403
0.295697
2.01938
0.0700156
0.515969
0.233439
0.826598
1.12419
0.228177
1.28841
0.961986
0.661442
0.165344
0.0576025
0.920111
1.25751
0.770884
0.617482
0.533405
0.132141
0.438921
0.0622875
2.77243
1.39868
0.485541
0.809943
0.997107
0.641077
3.21347
0.622962
0.916429
0.408905
0.174791
1.17334
1.83978
1.00742
1.62292
0.347595
3.29973
0.289554
1.07364
1.2208
0.484642
1.5142
0.236764
0.14056
0.291303
1.07066
1.14657
0.0747528
0.159398
0.195376
0.543106
3.70479
2.57043
0.33194
1.08567
2.7829
0.398975
0.398395
0.843849
0.694639
0.871328
1.86262
1.15229
0.279218
2.01621
0.518793
0.134041
1.61314
0.680556
0.141496
0.159753
1.10458
0.781964
1.06411
0.739147
1.77705
0.734297
0.41076
4.50362
1.09372
0.770209
1.34665
1.85688
0.209262
0.793564
0.18995
0.058544
1.10472
0.545673
0.0488145
0.165802
0.945661
0.18542
0.0586911
1.79929
1.32597
0.221779
3.1923
3.08248
0.970731
0.635844
0.236574
0.256691
0.34744
0.132471
1.40146
5.74495
0.123875
0.406072
2.48919
0.923095
0.704586
0.669993
0.4929
0.387986
0.487267
1.05341
0.442818
1.21606
1.43744
0.868462
1.29621
0.089977
0.00479013
0.313525
0.626927
0.426289
0.346827
0.467957
2.98793
0.303237
0.494301
0.41638
0.0450283
0.188217
0.766305
0.423523
2.20753
1.61142
0.489718
0.0703659
0.0347406
1.98661
3.07129
0.0986219
1.42856
0.370619
0.234423
0.796107
0.300995
0.641515
0.389018
0.139106
0.510883
1.04048
0.315791
0.955989
0.258989
0.774959
0.145475
0.431557
0.79172
0.178351
0.0302808
0.182836
1.01296
1.30645
1.46107
0.353639
2.07088
0.868963
1.58771
0.78803
0.129692
1.33901
0.329692
0.371679
0.836723
1.0872
1.07646
4.43955
0.625899
0.0362111
0.426203
0.147226
0.0722366
4.46322
0.196078
0.130102
9.21095
2.78595
1.12379
0.639994
0.334594
0.196831
0.295927
1.66474
0.290082
0.278705
0.715405
0.234766
4.46938
2.9362
1.48992
0.6632
0.00642527
0.501051
0.394875
3.08555
0.734262
0.318133
3.10586
0.360592
2.50413
1.61985
0.98468
0.883085
2.10716
2.09575
0.19865
0.195203
0.784047
0.777547
3.52447
0.287242
0.360531
6.69812
0.0444136
1.64023
0.277229
0.182678
1.35311
0.318533
0.121854
0.235922
1.49125
0.504713
1.50867
2.26796
4.27958
0.0190411
0.159893
1.25298
1.93595
1.43314
1.027
1.41338
1.28004
0.97101
0.57102
0.202298
1.00496
2.18585
0.116222
1.2159
0.712523
3.18522
4.87734
1.44064
0.05355
2.70377
2.38567
3.16289
1.57877
0.0499983
0.701749
0.477109
0.240255
2.51953
2.74812
0.043631
0.778528
0.373173
0.713707
2.33854
0.583033
0.119759
3.93345
0.180654
0.0339702
1.91473
0.33787
0.143487
1.3036
0.305103
0.899371
1.11603
0.397167
0.0693611
0.0350635
1.8585
0.0168799
0.66227
0.471759
0.436892
1.85252
0.571766
0.225325
0.539619
1.00381
0.937916
1.60257
0.400283
1.69945
0.529101
1.69102
1.41727
0.446974
0.392878
0.455225
0.185929
3.02678
1.35359
0.775918
0.385865
0.133466
0.43042
0.616738
1.33551
0.624119
0.644424
1.83094
0.148297
0.0994552
0.257999
0.699064
0.0362457
3.78658
0.236503
0.121533
1.39052
0.0768244
0.176913
0.224914
0.0556129
0.20633
2.90251
2.71653
2.02125
0.752655
0.733371
0.934562
0.306648
0.101778
0.0526375
0.991384
0.626244
0.367838
0.368723
0.600764
0.0234656
1.39881
0.864325
0.488676
2.00258
0.193832
0.0644166
1.61591
1.09867
1.91395
0.154459
1.31336
0.0469055
1.05464
0.103828
0.609685
0.782612
0.509112
0.210147
1.64919
0.193593
0.356684
0.110009
1.2223
1.06281
1.03188
0.458231
0.268615
2.95562
1.039
0.572582
0.058732
2.48727
3.0053
0.165851
0.610516
2.10333
0.168721
0.469815
0.4946
0.387509
2.74934
1.12447
0.670973
0.261559
0.436159
2.09192
0.893119
0.733727
0.29363
4.2109
1.44367
1.09167
0.0927406
0.100224
0.208627
0.694721
1.3143
1.1794
0.435946
0.0878238
0.182904
0.144483
1.4473
0.128035
0.220475
0.0565493
0.316186
0.646256
0.1757
0.0880897
3.45647
0.345046
0.407662
0.19191
1.55347
1.5298
0.0400751
0.617292
1.93712
0.925839
0.114161
3.79288
1.27784
0.0475514
0.613358
1.02603
3.56007
0.0424302
3.21657
0.112255
0.699683
0.183745
0.0397576
1.7418
0.0873153
0.417209
1.72157
1.38216
0.735015
1.30475
1.3912
0.49026
1.66911
0.329475
0.235224
1.41727
1.07537
0.327776
1.06811
0.404479
0.720521
2.78476
0.238005
0.192782
0.354919
0.636701
1.11133
1.3414
1.35624
0.921266
3.6052
0.692504
0.101561
0.313241
1.45254
1.63312
0.413219
0.95622
0.627367
1.0475
1.60657
0.366861
0.066812
0.220211
1.57025
3.65892
1.4938
1.14483
0.0709387
0.208625
1.09176
2.96493
2.21995
3.12054
2.24665
1.77456
1.71613
0.263022
1.18201
0.151909
2.01208
0.662488
0.133656
0.475431
2.92669
1.55177
0.0989988
0.0551003
0.274185
0.304881
0.839869
0.335635
0.57036
1.7254
2.76022
0.326189
0.549736
8.17136
2.18849
0.369757
2.17952
2.74173
1.11352
1.01904
1.25511
0.321001
0.850474
1.01299
0.247588
0.659906
1.10805
0.633758
1.70255
1.35364
0.271325
1.32934
2.62785
1.47348
0.988194
4.01311
0.256172
0.639312
0.176002
0.336971
1.25191
1.11091
3.67475
0.0761055
2.59522
0.308094
0.242105
1.0223
0.680277
0.248234
0.330864
3.1788
1.24297
1.29789
0.927398
0.289116
1.84253
3.50913
1.90769
0.718651
0.144029
1.79152
0.574823
5.31843
1.54075
3.83541
0.169804
0.13427
0.866205
0.745789
0.0194886
0.20622
0.719507
0.498056
0.900783
0.262793
0.384344
1.1454
5.45131
0.541037
0.0360095
0.886456
0.164605
0.644789
0.668986
0.738001
3.55476
0.141764
0.157389
1.41505
4.53579
1.28987
2.23325
0.179601
0.086275
0.0281345
0.0973196
1.26171
1.18134
1.54442
0.379971
1.04678
0.145035
0.0519632
0.385661
0.751942
0.0150862
1.74542
0.768776
0.314803
0.483969
1.61532
0.405176
0.311336
0.302697
0.0113764
1.14398
0.777135
1.62512
1.21235
0.360231
3.55452
0.205349
2.50458
1.24572
0.708662
1.50033
0.265748
0.435812
0.551572
0.255614
0.961307
1.8858
0.692512
0.766737
2.52292
1.07882
5.28443
0.252513
0.31529
0.820532
1.04045
0.473873
0.942795
0.572188
0.298924
0.496487
0.391737
0.486938
1.43409
1.32297
1.76335
1.18251
0.802207
0.234809
0.165389
0.323126
0.36819
0.62551
1.19329
0.29852
0.0140818
0.191074
0.166711
0.546493
0.336367
0.566165
0.0798976
2.48486
3.17256
2.17399
2.68137
0.874284
2.27176
0.409771
0.153081
1.73199
1.14086
1.69531
0.268315
1.87295
1.7456
0.100537
0.973011
0.366148
0.00462995
0.313974
1.69343
0.479456
2.03813
0.961669
0.531925
0.0901196
3.91024
0.828928
0.338345
0.388416
0.727174
1.23225
0.143016
0.804721
0.250634
0.268749
0.564893
0.216431
1.75714
0.0854235
0.805097
0.297998
0.478901
0.229703
0.228793
0.571509
1.28715
2.99074
0.82494
0.0315904
0.186038
0.289994
2.37485
0.707328
0.556938
0.696753
0.868127
0.294861
0.293167
2.36843
1.17092
1.99597
0.493897
1.34852
2.74892
1.30682
0.127562
2.37624
1.05607
0.885572
0.926022
0.883626
1.701
0.334623
1.59156
1.32205
0.427755
2.24174
0.990083
3.00029
2.73219
1.90246
4.78853
0.5353
0.703992
2.44883
0.102065
0.766508
3.51982
0.0215834
1.74784
1.58343
0.19822
0.154826
1.63955
0.815089
0.348222
0.389677
2.5025
1.35828
0.562915
1.55377
1.46737
0.283881
0.290374
0.475646
0.0820455
0.523211
2.33745
1.90394
1.88573
0.0475399
0.915775
2.7435
0.357106
0.791004
0.586736
0.295826
1.25715
1.30894
0.44639
0.393345
0.12537
0.229021
0.0326843
0.839235
0.0214237
0.40841
0.746529
0.416766
1.28535
0.809425
3.01681
2.45294
1.04373
1.36027
0.945573
1.35747
0.637184
0.912918
0.149623
0.959059
2.5564
0.0203972
0.0702359
0.999138
0.913598
0.881286
0.188312
1.30158
0.811594
0.245546
0.0402359
1.5571
0.127328
0.716079
0.271048
0.17653
2.65005
0.257597
1.7574
1.33586
2.30477
1.88631
1.79256
0.593177
0.136976
0.664019
1.41118
1.394
2.95143
1.55698
1.23301
0.28204
1.85854
1.96044
2.37046
0.430869
1.9662
1.19704
1.68631
1.29191
2.66218
2.00759
0.491498
1.97653
0.327087
0.241567
1.21633
1.02761
3.81838
0.753604
0.615039
0.97615
5.39291
0.707219
2.46242
0.780091
1.78455
1.03085
2.1863
0.0483171
0.1145
0.750867
0.601677
2.09459
0.541589
3.38988
0.621186
0.435144
0.398828
1.70219
0.564712
0.0360662
1.12115
3.67438
0.740112
0.114453
0.164687
0.471763
0.518408
0.313834
1.26399
0.203715
1.40932
2.1253
0.187849
0.577192
1.30009
0.420455
1.09783
1.45604
0.441336
0.32484
0.40287
0.911808
1.02387
0.423201
1.39141
0.228947
2.35866
0.578929
0.40826
1.04893
0.620907
0.795125
0.720338
0.0670773
0.0135408
1.06513
1.65461
1.45614
0.639134
0.637086
4.0213
0.963004
3.04452
0.185702
0.156918
0.200509
1.11761
0.417656
1.40461
4.34349
0.0413918
0.672967
0.207282
0.502925
1.10328
0.0692263
2.07777
1.50933
0.892403
0.755496
0.118916
0.13982
0.474047
0.678159
0.377415
1.37675
1.11225
1.50609
0.0005852
1.29498
0.269636
0.274073
1.22005
2.47117
1.80859
0.411397
1.01771
0.641972
2.20528
1.34549
1.4027
1.6411
0.342074
0.185272
0.109093
0.726263
0.206285
0.222695
0.694513
3.04841
1.35901
0.16034
0.976939
0.433944
0.725324
0.213144
0.243675
1.14636
0.521939
1.0203
0.0838626
1.31216
0.232379
0.360088
0.453107
0.398346
0.240112
0.254813
0.40374
1.51055
1.7035
1.90328
0.810939
0.641615
0.592568
2.58361
0.348373
0.821385
1.16254
0.0765454
2.40891
0.917578
0.623791
1.60997
0.50899
2.91343
0.131654
0.43115
1.04134
0.966445
0.171504
0.193287
1.15544
1.12762
0.00602932
0.0681361
0.0675177
0.132478
0.223612
2.05453
0.401013
1.51122
0.612265
0.727694
0.453413
2.91644
2.74521
1.74577
2.88399
0.149086
0.754309
2.28634
3.67854
0.91241
0.0544223
0.295361
0.471471
2.62002
0.877808
1.92837
0.250522
0.75769
2.18636
0.142026
0.189848
2.02211
0.271376
0.406204
0.288664
1.44732
0.403485
0.126866
0.142125
1.73019
0.39302
0.798414
0.18191
0.571094
2.49673
0.488068
1.05038
0.102694
0.529383
1.35198
0.372823
0.0487441
1.06002
1.29104
1.39079
0.00263769
1.88663
0.11142
0.740632
1.74111
1.06417
0.283979
1.71664
1.28224
0.374087
1.59894
0.0492794
0.557741
0.678913
0.945526
0.119287
0.41047
0.104866
0.221047
0.852272
0.779298
0.739171
0.220475
0.13047
3.02507
0.335812
1.51894
0.839239
0.408775
0.247387
2.72204
1.82126
0.408604
0.0549156
2.02818
1.45732
1.03331
1.39168
0.872553
1.49487
0.203779
0.233789
0.359715
0.284277
1.94315
1.09971
0.219906
0.704934
0.222475
3.57126
1.01025
0.0583307
3.56372
1.04165
0.235743
0.151986
0.745623
1.29145
1.7931
1.86551
0.033724
1.60038
0.105965
2.71886
1.48768
0.419968
1.05115
0.4275
0.298466
2.42611
0.00345455
1.47554
1.87252
0.205688
2.12809
2.44063
0.808998
0.711887
1.30051
2.35533
0.0768123
1.14797
0.64295
0.814307
1.869
0.393102
1.07852
1.48392
1.67012
1.31143
0.164229
0.284348
0.98675
0.150774
1.63257
0.21437
0.778983
2.11553
0.913407
0.312531
0.758203
0.900151
1.66455
0.898912
1.54622
0.578117
0.844918
0.985064
0.366379
1.33099
0.290916
0.304308
1.20902
0.299877
0.355174
0.660018
0.881905
1.0973
1.05112
1.87167
0.0345608
4.00823
0.68777
0.842625
0.0932659
0.970248
1.43538
0.709525
0.482211
0.0542815
2.57587
0.603151
0.664631
0.396706
0.721087
0.367361
0.123952
1.20092
4.97354
0.455094
0.0442249
0.408919
0.960052
0.51078
0.171339
0.589415
0.259523
0.0935047
0.502651
0.457951
0.472691
1.13357
2.58702
0.772799
0.673468
0.12068
0.32742
0.676389
0.679344
0.513208
0.197045
2.15571
1.86556
2.84502
2.84465
0.147622
1.42029
0.284743
0.266549
1.51472
1.25939
0.0117966
0.0376951
0.922519
0.608724
0.0296608
0.0693996
1.76958
0.688787
0.270749
0.383132
1.57295
0.000452787
0.0707497
0.239625
4.03462
0.254889
1.02811
0.208271
0.583956
2.21582
2.53508
0.0163103
0.979998
0.0628525
3.51159
0.292374
0.0308225
0.511102
1.41277
1.58344
0.0734626
0.483253
0.680936
0.574001
4.30971
0.87823
0.323708
1.52573
1.09481
0.0657023
0.778139
2.23026
0.977272
0.190921
0.784008
0.38973
0.00870024
0.182806
0.617286
0.0120017
0.676691
1.16548
0.78785
1.27031
0.798848
1.35104
2.63018
0.129835
0.819062
1.29954
1.15984
0.494553
3.55131
0.965469
0.828803
0.146973
1.45651
1.56284
1.2644
0.736591
0.492355
0.267641
2.23483
0.4794
0.0854213
0.23645
1.98536
0.331288
0.614426
0.382346
1.00446
0.0683838
0.214758
1.7261
0.103242
1.86201
3.008
0.044551
0.228605
0.690351
0.601689
1.77997
1.07715
2.76937
0.322218
1.23438
0.226292
4.00945
0.785725
0.0233585
2.51656
0.624529
1.7763
0.393817
0.472231
0.899561
1.26935
2.37062
1.5155
1.85653
1.6197
1.06484
0.410345
0.76062
0.178443
1.19543
1.10242
0.145244
0.378836
0.16791
2.45377
0.856637
0.378919
0.135096
0.0865154
1.51323
0.690104
0.0506644
1.09299
0.370197
0.805875
3.94868
0.672104
1.70025
0.133008
0.402596
0.811183
0.346791
1.51028
0.00817429
0.0684166
1.69963
0.0600927
1.88481
0.409018
0.0459199
2.65387
0.429948
0.769815
0.571623
1.24893
1.90585
0.705931
1.9482
0.518847
0.017152
2.57914
0.69263
0.16226
0.469322
0.161682
1.74786
1.59374
0.102043
1.00571
1.77007
0.369705
0.99403
0.166701
0.210029
0.140377
0.399177
1.53132
0.941539
0.187805
0.278002
0.928407
0.114001
0.10386
0.700014
0.124872
0.0700552
0.459134
0.889297
0.297905
0.392155
0.63097
1.25386
0.278067
0.580517
3.02011
1.40558
0.113166
1.71666
6.57835
2.59686
0.253581
1.50345
0.985799
1.21599
0.115727
0.725571
1.46904
0.726434
1.75232
3.97511
1.72925
0.131487
0.0754548
0.436552
1.86691
0.762955
2.26601
1.10725
0.562844
0.117958
1.03852
1.12883
1.06943
0.225429
0.65433
2.81216
0.000510093
0.459992
0.198743
1.25066
0.473995
2.55887
0.45554
2.37029
0.729438
2.18052
0.0202048
0.216648
2.21398
0.622779
1.24471
0.00613634
1.18389
0.282454
0.700899
1.00831
1.2797
0.387215
0.48939
0.677002
2.85446
0.875029
0.939809
1.10113
0.71465
0.424386
0.709176
0.323047
2.12202
0.0504882
1.49112
2.87414
0.276512
0.99196
0.663996
0.407109
0.368255
0.147547
3.34874
0.884625
0.757279
0.46763
1.0009
0.288671
0.189819
1.04196
0.718249
3.03889
1.54427
0.00820104
0.0937291
0.171821
0.000584409
0.285993
1.1564
0.738117
0.00910772
0.174033
0.567172
0.388069
1.24379
0.922551
0.308349
0.204955
0.515328
0.287915
2.45384
2.48411
0.901729
1.75535
1.24499
1.76844
1.53298
0.633069
1.45103
0.1722
0.703475
1.28405
1.23163
0.243931
0.0554002
1.061
0.612073
2.14736
0.118934
0.945033
0.0364103
0.580623
1.1893
0.239047
0.175263
2.42049
0.168132
2.30795
1.78642
2.39909
0.529681
1.00326
4.41847
0.0738212
0.38945
0.828627
0.368905
1.40821
0.873792
0.433881
1.84214
1.0372
0.496492
0.878761
3.73955
1.90899
0.307271
1.54053
2.08506
0.170686
1.37534
0.147903
0.433274
0.209528
2.04998
0.208215
1.26417
2.5021
0.43418
1.37558
2.71844
0.318811
0.944466
1.03727
1.05099
0.833427
0.831756
0.0264896
0.0539965
0.518416
0.0542391
0.0111151
3.42066
2.42868
0.0301053
1.15726
2.19572
0.260275
3.70496
1.90284
1.02187
2.14835
0.0905675
0.662208
1.02977
1.4947
1.95925
0.892699
0.397833
0.0445573
1.71526
0.730121
0.524957
0.432208
0.015607
2.96655
0.83246
0.305668
4.33348
1.79535
1.89277
0.122941
0.57699
0.649337
1.24026
0.610383
0.924999
1.28428
0.287454
2.79817
3.51492
0.833573
3.03509
4.19376
3.32715
0.287958
2.40927
0.238497
0.412374
0.91946
0.292939
0.378999
0.332672
0.850238
0.236627
1.19889
0.00221447
0.18863
1.33027
1.79446
0.0159281
0.563293
2.97566
0.232394
0.905224
0.139753
0.580621
0.372444
0.24131
1.67495
1.48472
2.29298
4.67823
0.177781
2.47014
0.627497
0.0051703
0.286742
1.20034
0.44962
1.37771
0.0853785
0.488408
0.354742
0.606626
0.581904
1.52246
0.291665
1.77219
0.665157
1.00508
0.544199
1.20212
5.74745
0.0700573
0.279171
0.0590808
1.0456
2.5909
0.645896
0.302052
2.75014
2.24049
0.352777
1.54822
0.775226
0.786736
2.7782
3.21754
0.369428
0.771216
2.0777
1.44666
1.29453
0.917607
0.0165033
1.44686
1.53359
0.0517119
0.84478
3.68677
0.84652
1.80672
0.312601
0.305253
0.483998
2.22034
2.16924
1.1067
0.948117
0.20952
0.858223
0.302305
1.08766
1.23044
0.465754
0.676086
0.355977
1.50634
0.925272
0.264314
0.893104
0.297306
0.229357
1.86711
0.447047
2.00003
0.872887
0.0288049
0.134878
0.0698852
0.506785
0.338017
4.45811
0.17902
0.389958
0.44727
0.0740147
3.29412
0.401017
1.58368
1.40469
0.986711
1.28028
0.130963
0.157654
0.0547525
0.0291052
0.365674
1.19996
0.696723
1.22241
0.925244
0.571159
0.21676
1.26857
1.85948
0.501206
0.115101
0.784048
0.0671346
0.448664
0.320411
0.870513
3.39402
2.91102
0.415039
1.48475
0.0217666
0.162278
3.00972
0.404878
0.0949433
1.94073
0.472654
0.874825
1.94935
0.491367
1.25721
0.339801
0.733983
0.664782
0.862381
0.566019
0.165241
1.30895
0.327813
2.16583
1.19746
0.536904
1.89748
2.72703
0.299092
0.0358008
0.513567
0.37411
0.450598
0.622492
0.153371
0.846196
0.346182
0.391164
0.359156
1.7013
1.92012
0.35136
2.92965
1.1153
1.34726
1.54444
1.47195
0.860584
1.81754
1.02489
2.1565
0.338742
0.459945
1.613
0.000426693
0.808538
0.202057
2.77988
0.860891
0.0437433
0.0680614
0.504039
0.0047016
1.22145
0.893025
2.81232
0.0780394
2.31122
0.856895
2.82423
0.323422
0.0752506
2.75142
0.27957
0.111955
1.84174
2.43715
2.91184
0.0606642
1.89931
0.0342693
0.0181181
0.446077
2.50926
0.624676
1.7518
0.29977
0.386039
1.35058
0.349874
2.22092
2.15044
0.632051
0.252837
0.987193
1.26032
3.45616
0.120192
0.779413
0.96209
1.07685
0.043344
0.455865
0.75889
0.267447
0.701368
0.0291805
4.45425
0.573002
1.45651
1.5769
0.798216
2.60202
2.09342
0.0598242
0.525471
2.11084
1.50418
0.108618
3.52225
0.472486
1.14976
0.521308
0.4903
0.464014
0.559571
0.921132
0.502077
0.324145
0.549064
0.746192
1.02727
0.59521
0.580393
0.099462
0.154153
1.36568
0.00884069
1.19622
3.61564
1.53972
1.66664
0.355595
0.511475
1.10228
0.388409
0.233734
0.0262461
3.82224
2.10465
0.4205
0.0224404
0.97931
0.433781
0.517739
0.354388
2.89659
0.557457
0.654493
0.635237
1.81302
1.45924
1.54056
0.378384
0.488369
1.67919
0.224703
0.385148
0.210471
3.15786
0.831716
1.37345
1.56183
2.70691
2.1795
0.0412023
0.451598
1.00816
0.336675
0.57408
3.04605
0.890237
0.0561013
0.420268
0.883277
2.89009
0.290319
1.52038
2.4595
0.339896
0.103719
0.326148
0.525669
1.09984
0.795481
1.26726
0.851608
1.77627
0.231806
0.658314
0.245968
0.931471
0.635485
1.17314
0.0208297
0.213249
1.95145
0.671708
6.39727e-06
0.709035
0.0918406
0.476753
2.37301
0.128662
3.15497
1.95871
0.041154
4.23283
0.852499
1.35893
1.58135
1.05691
0.320186
0.0201612
2.42888
1.68605
1.26782
3.03227
0.86968
0.350973
0.452213
0.201131
0.18757
1.21759
1.71531
0.18161
0.966013
0.0326801
1.0318
0.598005
1.21615
0.18864
1.70842
1.59182
0.159561
0.616033
1.15198
0.425573
0.958346
0.729682
0.199255
1.98006
0.067841
0.560361
0.145479
0.442378
3.29646
0.0350678
0.891027
0.466318
3.25375
0.381261
4.34756
1.67918
0.54752
0.86915
0.0193547
0.322817
0.863991
1.34748
0.0795312
0.596682
0.375554
0.559288
0.203318
0.565962
1.09087
2.65133
2.61474
0.376072
0.0489767
2.18589
1.42932
0.400262
0.359387
0.302834
0.0894953
0.425582
0.270684
1.00365
0.0708584
1.59387
0.600832
0.688134
0.185995
2.4076
0.332352
2.10977
0.179892
1.80817
0.61833
0.190683
1.5809
1.66613
0.321707
0.856718
0.670557
2.17607
1.64298
0.308085
0.633837
3.28279
0.669004
1.12958
0.390172
0.363152
0.272528
1.46414
0.506344
1.21833
1.042
0.167462
0.514006
1.07824
2.06762
0.16589
2.12149
0.0288647
0.666336
2.76938
5.43743
0.818
0.842046
1.44503
1.50134
0.630717
1.96248
0.266886
1.37437
0.142503
0.171974
0.246715
0.10622
0.278891
2.30014
1.54247
0.518113
0.0756687
1.55006
0.823415
0.582353
0.531944
0.422572
0.743316
0.538246
0.149816
1.30447
0.796849
0.58436
0.245457
0.264944
1.73094
0.106863
0.590609
0.811619
1.57883
0.0180378
0.936116
1.18709
0.0761271
1.60301
0.684439
0.921259
1.14909
0.530583
4.5613
0.726272
1.09283
0.0291037
2.59619
6.95683
0.026634
0.794964
1.07377
0.776057
0.93175
0.302374
0.27165
0.671889
0.181572
0.51103
0.0760822
1.65963
0.00890175
0.488841
0.502599
0.661616
2.87539
0.391333
0.171493
0.979577
0.564645
0.566007
0.0936687
0.882173
0.419176
0.644336
0.15208
0.46034
1.16811
0.558848
1.35312
3.34891
2.22469
0.697809
0.115335
0.154727
0.153343
1.08488
1.76461
0.875882
4.00603
1.43213
0.476178
1.52897
1.21553
1.58886
0.0134735
0.399162
0.125492
0.291743
0.105648
2.14117
1.8265
0.727406
1.2669
0.868167
1.85827
0.523081
0.0551156
2.19126
1.17121
0.734167
0.33636
1.11391
0.820534
1.10187
0.742498
0.25823
0.107747
1.14806
1.07675
0.0800928
1.53091
0.988796
0.404582
1.41347
1.74899
0.347948
1.03808
2.63583
0.77711
0.201104
0.99574
0.892064
0.575785
0.153548
0.270094
1.31081
0.683162
1.68669
2.23733
0.853491
0.990493
0.153802
0.241068
1.59156
0.241366
1.38405
1.21417
0.368106
0.555586
4.8061
0.382861
0.0500891
0.693537
0.23348
0.447601
1.21124
0.99996
0.111633
0.947218
0.468722
0.131582
0.708905
0.156857
0.85166
0.35488
1.45361
0.4635
1.22933
0.656358
0.129301
0.124705
1.33334
0.544579
0.0483562
1.58048
0.593523
1.21905
0.204422
1.46279
0.589116
0.18355
1.02169
0.176406
1.08992
0.815577
0.235427
0.724277
1.97232
4.29238
0.239472
1.06542
1.92421
0.119115
3.92864
0.0718341
0.690697
1.01971
0.460815
0.0017422
1.39492
0.944337
1.50745
0.0415983
0.365465
2.35998
1.05078
0.402665
1.91786
0.220534
0.185862
1.5392
0.183329
0.0339807
0.421813
0.2267
2.7916
0.300445
0.961631
0.615025
0.241234
0.33463
0.115888
0.920149
2.7252
0.00194525
0.187034
0.731989
0.404087
2.77766
0.961929
2.38382
2.45344
0.870007
0.447142
0.672317
1.2603
3.67788
0.779965
0.373327
4.7788
0.942919
0.378856
1.26408
0.239931
0.390823
0.327124
3.19615
0.22989
0.210686
1.92877
0.0384871
0.746435
0.0233658
1.6766
0.261145
0.34469
1.29663
0.0720589
1.60792
0.123947
2.94383
0.0362945
3.50883
0.667362
1.45355
0.776175
0.772804
1.92678
1.79158
1.38812
0.287487
0.187228
1.64974
2.83
1.26342
0.0988111
0.313112
0.473434
0.30509
0.312019
1.02211
0.390776
0.568109
3.04851
0.0190473
0.146697
0.43731
2.16984
0.132092
1.71768
1.34751
0.0707053
0.93514
0.200516
1.81494
1.01971
0.762225
2.93217
0.408984
0.0864786
0.54798
1.47281
0.292675
0.797947
0.869616
5.5971
1.40358
0.649312
1.45764
0.14662
0.033146
0.295959
0.0601257
0.405022
2.40677
0.25711
0.321348
0.242918
0.122891
0.874161
1.1135
0.878369
1.98718
6.01239
1.92928
1.81433
0.0529842
0.273816
0.0806276
2.42442
0.014383
0.404486
4.00989
0.419337
0.349994
0.935605
0.501413
0.963771
0.861958
0.496748
0.729773
2.73663
0.00366692
0.189981
0.740943
0.522359
0.150683
0.525736
0.685593
0.350539
0.66391
0.247215
0.691508
0.77251
0.495366
0.0473687
0.402621
0.221978
1.0137
2.09638
1.52397
0.0935108
1.16234
0.308306
1.47031
4.87679
0.217026
0.813862
2.40118
0.388492
0.0158159
0.283912
0.809703
1.93777
0.547888
0.149668
0.276201
3.66579
0.127223
0.236025
0.293331
1.48994
3.82949
0.120065
1.11042
0.00429588
0.09199
1.3744
4.92799
0.0871266
0.158671
0.0820523
0.108961
3.44043
0.756249
0.704307
2.55386
0.401969
0.380767
1.21045
0.327514
1.71293
0.943284
1.15172
0.196228
0.015969
1.1926
0.401551
0.0686481
0.58905
1.10411
2.16861
1.60148
0.703723
0.867343
0.0225642
1.35596
1.25842
2.80112
0.515022
0.948282
0.144025
0.188517
1.27354
3.71695
0.29914
3.02426
2.89634
0.623079
0.115235
3.5841
1.36173
0.246437
0.652267
0.891366
0.265795
0.333028
0.520244
0.0157555
0.954823
0.0448365
1.09548
0.727361
1.19413
0.728429
0.438062
2.12535
0.785525
0.901784
0.238692
1.08901
1.53832
0.207723
0.0419614
0.374327
1.00124
1.36336
0.184751
1.8465
0.121489
0.635526
0.0300135
0.774757
0.0294754
1.86411
0.527015
0.189723
1.63246
0.0945674
0.269707
2.53302
2.11248
3.8191
1.42389
3.74881
2.9348
0.0490417
0.0218682
0.550428
3.31353
0.762645
0.459876
0.0651872
0.171323
0.273936
1.4514
0.934662
0.519593
0.959825
0.81824
2.5378
0.993313
0.472186
0.387485
0.338939
1.36611
0.352271
0.202159
0.240329
4.47092
0.314879
1.57953
1.8529
0.0556532
0.022781
0.428892
0.222786
0.872853
0.0332527
0.118081
0.303033
0.789088
1.11881
0.0592251
0.236584
0.944914
0.0171271
1.48903
0.557708
0.482508
1.03127
3.96581
0.171017
1.21634
0.564527
0.0676132
2.50199
0.0609554
0.129555
0.207323
0.198859
0.203817
0.635107
1.61404
0.923719
1.81284
0.348488
0.176624
0.0235287
0.460633
0.747715
0.632932
1.30091
0.318951
0.874118
2.88652
0.635299
1.30762
0.900446
0.327543
1.75775
1.95186
0.241312
0.919392
0.334153
1.31672
0.364738
0.333822
1.67288
0.230064
0.576628
0.947953
0.633678
0.786285
0.270866
0.338367
2.00364
0.109731
0.715686
0.019524
0.507615
1.01285
0.0518536
1.46898
0.534404
0.0293447
0.238748
0.535008
0.438686
0.835735
2.01782
0.668795
0.446608
0.616307
0.0908992
0.00337888
0.504602
2.93914
1.85622
1.52954
4.82941
0.722603
2.07904
0.0728859
0.0579795
1.35003
0.416408
3.40901
0.821743
0.0237239
1.05851
0.230486
0.519917
0.898877
0.349803
0.459522
0.449201
0.255569
0.0964016
1.00532
0.250689
2.97446
0.606499
1.9551
0.431876
1.33909
2.68134
2.09653
1.005
0.155049
3.40742
1.41994
1.56498
0.493135
0.325698
1.86809
0.659031
0.801097
0.676257
0.134211
0.307058
1.97014
1.03843
0.253842
1.95712
0.234056
0.638245
0.51832
0.62455
2.10296
1.61827
1.36143
1.60469
0.103252
0.670872
0.457102
1.00161
2.79653
0.517012
0.886853
3.04971
0.64183
1.28488
0.163151
0.269992
0.257543
0.216966
1.51944
0.196134
0.309392
0.62141
0.0122812
0.775913
0.652195
0.0728038
2.68317
0.675961
1.12095
0.374339
0.183195
0.0824429
0.130959
1.26605
0.202906
0.807785
0.846586
0.369469
1.50034
1.36552
4.09027
1.33976
0.99621
3.85394
0.374548
0.668482
1.46105
0.155208
0.336399
0.141637
1.58658
0.127092
2.47235
0.932
1.35183
0.270833
0.772673
2.21876
0.0614915
1.31027
0.551476
1.26352
1.26617
1.90167
0.201764
0.0314154
0.166465
2.24216
0.740922
0.0560498
2.54492
0.886267
1.00166
2.01488
3.33945
3.03252
0.215751
0.367533
0.174691
2.50131
0.684404
0.875164
0.0328955
1.73946
0.380631
1.46119
1.20937
1.42509
0.485282
0.241715
0.123148
0.0575125
1.32468
0.0548041
1.46491
1.37113
1.49635
0.0370062
0.226985
0.225189
0.343446
0.167606
4.65116
0.784755
1.93771
0.0619689
0.26456
1.39185
1.7053
0.512646
0.29097
0.0736963
0.244961
1.79828
1.03631
1.14857
2.81923
0.924897
0.641839
0.334756
1.0192
0.0665893
1.10716
2.94932
2.18798
0.10222
1.72143
0.357017
3.55886
1.20836
3.17958
1.24431
0.346101
1.25533
1.75076
0.0563963
0.49133
0.0971563
1.98377
0.0113742
0.135398
1.60767
1.33432
0.591249
2.87273
0.777374
0.238312
0.974592
0.918119
0.341388
0.292866
3.00672
0.655417
0.20327
0.0192485
0.536783
2.43559
0.994394
0.822804
0.0740705
0.670667
0.698539
3.80009
0.246198
0.294155
1.65137
0.259168
1.09027
0.6666
2.66257
0.0532644
0.384037
0.597052
0.152502
0.250247
0.169854
2.94423
0.0779197
1.53479
0.118371
3.27414
1.00781
1.54822
0.00224605
0.976601
1.978
0.278564
0.124526
2.17527
1.13759
0.716043
0.370189
0.58545
0.774705
1.35457
0.966082
1.3995
1.06634
0.305518
0.725019
2.12668
2.85909
1.00661
0.694053
1.28606
0.948324
0.149314
0.260448
2.08498
1.06411
0.843028
0.68588
2.02682
0.898073
1.65222
2.27366
4.56652
1.51033
1.0048
0.0641821
1.69749
0.526541
2.9028
1.79249
0.772152
2.48744
1.50668
0.356938
0.0803798
1.24989
0.880312
0.384541
2.51402
1.01703
1.7762
4.92049
1.5098
0.0375366
0.526226
3.48971
0.338608
0.271141
0.279683
1.1268
0.67476
0.179712
4.45148
0.467001
0.0824517
2.14729
0.72042
2.31117
0.0911602
1.07752
0.0537465
0.129434
1.20189
0.524984
2.47179
0.428319
0.533889
1.06008
1.43956
1.47321
2.40105
2.56338
2.11876
0.356827
1.19551
0.120467
2.0002
0.0258287
0.146956
0.211487
2.3142
0.118983
0.354576
1.23655
0.4975
0.649637
0.0334743
0.329809
0.567519
1.60705
0.644123
0.142235
0.457896
0.941169
0.172374
0.486629
1.11636
0.936907
0.433155
0.281297
0.951095
0.576442
1.06707
2.13456
0.811936
0.77247
0.274662
1.63029
0.560508
0.188026
0.227743
1.33774
0.998371
0.193094
1.87964
1.04652
0.581504
0.814558
0.497837
0.172888
1.40666
2.32192
1.34838
0.260848
0.604564
0.229511
3.79301
0.0239958
1.5137
0.841082
1.22533
0.143346
0.791682
0.111218
0.212355
0.0884112
0.835962
0.0645037
0.425642
2.021
0.0581457
1.60057
0.630013
0.191469
1.32868
1.75639
0.493353
0.839425
0.487278
0.231678
0.805033
1.28911
0.9611
0.472148
1.53703
0.764922
1.86971
0.00530006
0.0233505
1.53216
1.7974
0.0938106
1.09409
0.728696
2.45931
0.864683
1.21465
0.53705
1.78985
0.203572
1.2148
0.782768
0.557958
0.123633
0.555658
1.96887
0.83832
1.01353
0.361846
1.27258
0.33507
0.201984
2.477
0.189862
0.331488
0.0500001
0.478725
2.93992
0.287382
0.265627
0.482183
0.178001
0.0890328
3.24006
0.290209
1.29245
0.46047
3.09338
1.07072
0.552409
1.06508
3.53431
0.481696
0.481314
0.517186
0.07124
0.451078
4.12648
0.0181132
0.147122
0.424451
2.57849
0.676846
0.321303
1.31682
1.12412
1.9978
0.972648
0.630606
0.62192
0.000781805
0.478713
0.257711
1.27714
0.438578
0.357649
0.119763
1.17075
0.26122
0.424344
0.121946
0.227253
1.42043
0.14315
0.801895
0.260653
0.272862
3.11944
0.809899
0.103926
0.969334
0.71477
1.2729
2.01049
1.05303
0.148848
1.02693
0.495099
0.591933
0.654339
0.0273027
0.927635
1.51038
0.82427
0.127909
0.479557
0.0962542
1.54918
0.974728
0.386052
1.94795
0.073909
0.282368
1.53793
0.251073
7.27738
0.29291
0.432382
0.795205
1.46976
0.562545
0.573442
0.355519
0.969276
3.46048
1.57951
0.223381
0.0941783
2.43815
0.699945
0.855531
0.0841846
0.727631
0.687923
0.87686
0.0835545
1.46796
0.000747131
0.808001
1.30621
0.371844
1.48816
0.0351847
0.364742
0.0389338
0.0694426
0.346941
0.847281
0.297762
1.24238
0.0391839
0.277695
1.10182
4.67945
1.3589
0.458886
1.15381
0.952077
0.478671
1.97968
0.459796
0.331159
0.146861
2.6606
2.16938
0.911347
3.32351
0.230834
0.258897
0.249879
0.140071
3.40447
0.932777
0.986905
0.440736
0.210607
0.222731
0.295626
0.0845872
1.11686
3.72843
0.509096
4.50366
0.91624
0.280445
0.471261
0.540504
0.496215
0.0436624
0.486341
1.40883
0.383716
0.0175872
0.175545
0.97528
0.15924
0.163566
0.0703254
0.708364
0.177078
0.767306
0.87862
1.55938
0.957264
2.3942
2.83246
0.98825
0.5158
0.299503
1.82099
0.145903
0.194872
0.614446
0.224344
0.689965
0.0336768
0.556967
0.612333
0.230923
0.10424
0.164582
0.236213
0.272201
0.143481
0.465748
1.88827
1.48389
0.946949
0.799162
1.59436
0.889312
0.39079
1.66028
2.65161
1.09148
1.03106
3.51445
0.261648
0.312173
0.215871
1.95459
0.0753494
2.38965
0.394708
0.604697
0.39298
0.661916
2.08141
1.23078
1.42959
1.15888
0.041147
0.256904
0.751972
0.978206
0.55745
0.632514
0.608199
0.922005
1.20545
0.305733
0.0781656
0.468359
0.983366
1.51326
0.0575675
1.46252
0.326063
0.932718
0.395627
1.29087
2.09318
0.281328
0.00708586
0.0999804
0.14133
0.766769
0.315031
0.581698
0.678215
1.16627
1.0301
0.0369891
0.939845
0.869565
1.6251
1.00225
0.455975
0.859899
1.04601
1.6616
0.927398
1.2129
2.44007
0.0849314
0.207972
1.45382
1.09959
1.87443
0.303407
1.28509
0.155715
2.24758
1.52409
3.10736
0.018283
1.99542
2.00174
0.370646
1.87755
3.17605
2.15894
2.36577
0.290519
0.86329
0.0908337
0.580085
0.941368
0.615913
1.28208
0.93891
1.75317
0.856685
0.273161
0.470274
0.0090311
0.702582
0.151039
0.113516
0.871632
0.44084
2.66773
1.09335
0.414418
0.797858
1.12647
1.18387
2.07414
3.3181
0.993365
1.15156
0.422144
5.01553
5.70623
0.934948
0.284859
2.99451
0.0177886
0.855353
0.131735
1.78132
0.503351
0.252258
0.388036
1.31192
1.32698
0.378095
0.45965
1.558
1.10843
0.028515
0.251826
0.876902
0.148234
2.13666
2.05759
1.50638
1.0019
0.530125
0.390203
1.25913
0.0245402
0.235134
1.87202
2.35104
1.35587
0.627461
0.359855
2.43635
2.57169
1.4025
0.00130161
0.849685
2.23064
0.968001
0.96945
0.387435
0.725224
0.0885433
0.838134
0.634476
0.318038
3.15649
0.47161
2.21377
0.00833071
2.5353
0.626834
0.554073
0.470842
0.853985
0.223968
2.21366
2.18057
0.683355
1.19115
0.276209
1.33456
0.283217
0.464091
1.55816
0.435172
0.0191885
1.10064
1.13134
1.47971
0.0398385
0.953009
0.790015
3.34423
0.430481
1.10024
1.43628
0.243366
0.340328
0.25634
0.100551
0.75825
1.31698
3.26896
0.790737
0.074312
0.996651
0.0682047
0.621708
0.138173
1.16602
0.117136
0.343451
1.35464
0.533236
1.35156
0.774255
0.307669
1.50424
4.96296
2.23501
0.0493414
2.88631
2.01177
0.0865489
1.11634
0.0200284
1.49778
0.1246
0.244644
0.880544
1.08629
4.43366
4.51968
0.357152
0.863851
2.01813
0.899437
1.11953
0.442154
0.293798
1.0563
0.0305761
2.81386
0.484956
1.72636
1.15165
1.87717
0.613856
1.39175
1.27118
0.473671
1.64146
0.804721
2.41358
2.3708
1.57931
0.321575
3.29102
0.303656
0.0291416
0.394219
0.268373
1.9733
3.66659
0.247264
0.900252
0.0641863
0.288366
0.270268
0.349924
0.0762793
0.610252
0.436465
0.648324
0.866236
3.24796
0.23549
0.753889
2.00662
0.742588
0.0981151
0.796271
0.254946
0.582248
0.30618
0.226391
0.798434
1.69497
2.07812
0.340311
0.936609
0.107389
0.0240254
0.787861
0.148249
1.94565
1.25739
1.78963
1.35456
0.190351
2.34823
1.02642
3.76075
0.03742
0.242859
0.504386
0.0267344
0.492702
2.15485
0.965077
0.0849229
0.443935
0.167642
0.781341
1.73596
0.452155
0.891097
0.0510982
0.268685
0.0358764
0.051103
0.226104
2.57937
0.473828
0.75757
0.334214
0.0805521
1.37401
0.832455
0.087369
0.653109
0.234178
1.3681
1.0759
0.387273
0.0266967
0.657203
0.397757
0.0918791
0.783946
1.95373
0.235284
0.0265874
1.81305
0.114534
2.54441
0.964465
0.346385
0.963232
0.957924
0.496939
2.78207
0.592091
0.562243
0.106141
2.46845
0.394996
1.11297
2.71473
0.113991
0.24522
0.180104
0.732405
0.729541
0.299947
0.76862
0.108186
1.18487
2.51251
1.72969
1.32989
0.155897
0.197938
0.657264
0.497191
0.388614
0.703218
0.0526602
2.18044
0.250378
0.391183
1.09813
1.72791
1.92224
3.26641
0.237861
0.950954
1.00816
2.07835
1.6583
0.363758
2.72187
0.0994898
2.12714
0.268347
0.428265
1.95957
0.421879
1.79252
0.916777
0.181106
0.418913
0.941174
1.90546
1.01997
1.71391
1.2593
0.762988
1.11195
0.605786
1.65425
0.0457233
1.33388
2.60198
0.127258
0.851076
0.705064
2.01586
3.7945
0.535686
0.846152
0.826221
0.0844717
0.0644255
0.0343124
0.849588
1.5088
0.779868
2.27618
2.02246
1.83437
0.761087
0.180816
0.271584
1.11411
0.122377
0.216114
0.0394248
1.85615
0.0519182
0.59036
1.0439
2.7901
1.18563
0.0765419
0.147387
0.101366
0.43534
0.44154
2.6538
1.87603
0.591847
2.19514
2.10934
1.0957
0.948508
0.835694
4.43758
0.972458
0.0479054
0.162869
1.0089
0.0883915
0.39999
1.16102
1.57971
0.00364947
1.55741
0.103776
0.808161
0.172258
0.58824
0.293624
1.61199
0.0769036
1.53093
1.76962
1.66697
0.282216
0.360948
0.102682
1.92783
1.45124
1.91326
1.36557
0.825001
0.63733
0.835404
0.0356888
0.647082
0.00106005
0.586964
1.44966
0.154777
0.708604
0.868044
2.65035
0.422294
1.41864
0.687035
1.37311
0.695272
0.890303
0.050426
0.725695
0.234305
0.740391
1.41639
1.76208
1.12314
0.250453
0.168151
0.149549
0.345185
0.835737
0.807722
0.0749101
0.659778
1.16157
0.642542
0.78477
0.687811
0.299966
0.642048
1.10348
0.321103
2.28715
0.238188
0.242126
0.613166
0.294491
1.41625
0.258603
1.57571
0.499804
0.444009
0.491652
0.904679
1.46975
0.802958
0.269715
1.66846
0.419191
0.535042
1.77268
2.72105
0.537593
0.518934
0.92749
0.277045
0.386756
0.353895
1.37047
0.607578
0.0887682
0.856935
0.565347
2.44937
0.335419
3.19053
1.45262
0.218507
0.26017
2.03856
0.893611
0.141715
1.22243
0.0638022
1.88614
0.255291
0.77584
1.43517
0.769964
0.692586
0.129111
2.27544
0.167483
2.69406
0.714585
0.857686
2.04995
0.316111
0.722384
0.488307
0.630829
1.91051
1.05503
0.567739
0.929026
1.4124
1.89183
1.24847
0.84018
0.57436
0.25104
0.808796
1.7127
3.20613
2.0258
1.23261
0.114252
1.86665
0.301309
0.377795
0.624555
1.36721
1.68984
1.03949
0.00947391
2.144
0.54606
0.225949
0.518648
0.48734
0.142199
0.867904
0.183085
1.42308
1.06337
0.75276
0.700568
0.379697
0.454754
1.42332
0.387587
0.320342
0.13557
0.435384
0.735141
0.437617
0.756099
0.00727
0.457103
0.582213
2.57579
1.05852
2.30937
0.710863
0.00337298
0.264929
0.0799625
0.484723
0.085324
0.337025
0.170229
1.51606
0.979526
0.605582
0.260773
0.945986
0.281606
1.21956
0.618847
0.130689
0.176421
2.21625
0.640422
0.661302
2.10662
1.53201
0.385561
2.09671
0.739869
1.41742
2.30739
1.69818
0.426814
0.554965
1.31353
0.994185
0.200244
0.578112
0.319874
0.180049
0.570755
1.94969
0.135379
0.632837
0.174303
1.17007
0.10322
0.389434
2.0135
1.31364
0.781206
0.127819
0.930283
0.531479
0.417745
0.0639552
0.347255
0.299965
3.60102
0.442074
0.699927
0.535228
0.661676
4.92956
1.76697
1.15861
1.08807
0.589438
0.489164
0.394447
1.57526
1.51685
1.25907
0.501158
0.225492
0.187289
0.0386359
0.866817
0.27682
1.25677
4.09169
2.16633
1.24839
0.296843
0.118725
0.0188443
0.38959
1.78382
0.0600886
1.41129
0.201124
0.988537
0.476996
0.335191
0.16571
0.553542
0.230725
0.907312
0.00422683
0.10821
1.84827
1.14341
1.30378
2.145
0.499728
0.686125
0.231309
1.0296
0.460625
1.10423
3.17359
0.328175
1.25489
0.766215
0.651483
0.31851
1.12632
0.829453
0.202157
0.131592
2.00984
0.285794
0.139955
0.228545
0.695077
0.443542
0.353456
0.0468241
0.36872
1.03152
0.51374
0.842685
0.983234
1.91023
0.336917
0.0585315
1.39563
1.73554
0.177929
0.608588
0.0325337
0.739155
0.0119894
0.281415
0.451053
1.31745
3.74301
1.14123
2.61989
1.22785
0.578178
0.732853
1.20567
2.25049
1.27507
2.39591
0.991636
1.46804
0.103369
0.129816
1.67741
0.445737
0.783954
0.413501
0.448538
3.19026
0.86966
0.261151
0.140242
0.336095
1.44449
0.244364
2.32242
1.0062
0.116885
3.76991
1.83107
1.67127
0.757836
2.87067
1.23966
0.590225
1.72852
1.13069
0.315699
4.10493
0.750074
0.581004
1.12709
2.2507
0.341053
2.73984
0.684715
0.802431
1.70727
1.75732
2.74713
0.681752
0.0210266
1.05183
1.61549
0.677263
0.0575225
0.269246
0.437008
0.617362
0.240456
1.17181
5.00852
0.0029252
1.12267
1.87685
0.206578
0.751305
1.77799
0.242519
0.896606
1.01937
0.622946
2.20988
0.249131
0.0817315
0.307277
0.335275
2.1232
0.0398219
2.83102
0.640479
0.271209
0.360245
0.321472
0.577784
0.695874
0.620296
0.4025
1.02258
0.039951
0.893912
1.1475
0.666624
1.78789
0.0428213
0.968001
0.0702056
0.613904
1.39022
0.455563
1.12214
1.26149
0.331893
0.163566
0.223916
1.5853
5.72735
0.731455
1.63289
0.340117
2.2811
0.758582
0.738869
2.50989
2.86274
1.76559
1.21701
0.953095
0.889981
0.268425
2.66914
2.71505
0.0524936
0.301053
1.23634
1.05089
1.60233
0.22818
2.7507
1.27902
0.14888
0.605951
0.790015
0.948665
1.90036
0.00771145
0.849394
2.95149
1.04945
0.545804
0.113027
0.336113
0.241478
1.08843
0.731778
0.200551
0.572672
0.134542
0.268393
5.72376
1.99894
0.0840466
4.25401
1.08751
1.34155
2.21107
0.969889
0.0447217
2.37412
0.333861
0.501211
2.72462
0.00487061
0.0608857
0.467952
0.21143
1.48909
0.045356
1.68692
0.0795496
4.59055
0.394049
1.35711
0.749734
0.425104
0.454828
0.660033
0.887197
0.498108
0.34701
1.4407
0.605012
0.443549
0.467976
0.714725
0.10166
4.6465
0.469115
0.505708
1.80014
0.519069
0.915419
0.162839
0.016488
2.30883
3.58165
2.54986
0.652406
1.2536
0.462687
1.03014
0.038447
0.198433
0.0241445
4.09954
0.00406433
1.16955
0.0952874
1.55551
2.2254
0.742547
0.607586
1.55122
2.01059
3.20642
0.806212
2.66891
0.248478
0.335217
1.95962
0.589942
2.1897
0.481376
0.100235
0.0278793
0.83636
0.578417
1.59383
0.541153
2.99509
0.0548485
0.53224
2.50331
0.750564
0.66821
0.739885
0.550832
1.14244
3.12428
0.153534
1.32934
2.25725
0.775777
1.00126
4.00986
3.23925
0.466479
2.79499
1.3121
0.323532
0.0777681
0.179601
0.0446465
1.75911
1.00615
1.20873
0.710027
0.113884
0.00868886
0.0137543
1.98259
4.5119
0.158691
1.86034
1.80522
0.272486
1.65166
0.183332
0.514153
0.779101
3.15766
0.062492
1.68125
0.398668
0.545989
0.255879
0.173925
1.32775
0.466782
2.19863
0.274525
0.20389
1.40671
2.91592
0.347815
1.05699
0.396818
0.863069
0.643234
1.90067
0.454226
0.142954
0.527878
0.730442
0.403981
0.254639
0.0580577
1.53565
1.74987
0.10026
0.281524
0.0243382
2.27281
3.62974
1.11002
1.4023
0.0862019
0.0908205
1.71653
0.743766
0.382581
0.190304
1.98015
0.258944
1.43258
1.17989
0.515256
0.285789
1.10185
1.71583
0.152153
4.26491
0.115618
2.72994
1.73082
1.44754
1.19195
0.431591
1.53964
0.522732
1.62431
0.0283346
0.401416
1.98743
0.185152
2.3618
1.44126
0.674312
0.539412
0.19283
0.299404
1.28822
2.5109
0.804486
1.38264
0.0207957
1.62408
0.826072
0.327124
1.62112
0.868172
0.972687
0.208767
0.686911
0.0467658
1.5647
4.59854
0.196748
0.9109
0.38135
1.58122
0.593213
0.00229895
0.507087
3.455
0.387917
1.09955
0.0511193
1.25913
0.834273
1.26408
1.61573
0.284674
0.165735
0.312843
0.849248
2.5779
1.35142
0.258596
0.0513971
0.601334
0.116779
0.504277
2.34037
0.089944
0.684114
0.553899
0.080724
0.736509
0.690363
3.01092
0.344854
0.491996
0.909413
1.37281
1.67053
0.112685
1.76148
0.912468
6.04273
0.455073
1.16698
0.671093
0.603066
0.343147
0.0722163
0.137067
0.830834
1.86608
1.03816
0.735793
0.685864
0.370471
1.55006
0.789308
0.509185
0.953526
0.0868766
0.0722649
1.11189
0.526719
3.43246
0.306659
5.83659
0.389608
2.52668
0.112301
1.9022
1.92427
0.00928263
1.65315
2.70545
0.70508
0.282535
1.01462
0.237771
0.585364
1.82543
0.633936
1.98424
0.541305
1.90905
2.7198
0.557915
1.07394
0.472745
0.304296
0.226531
0.872323
1.32631
0.477077
0.754912
1.44034
1.18931
0.579129
2.36527
1.07212
1.04239
0.250625
0.227638
1.74261
0.128011
0.94348
1.54294
0.396228
0.391018
0.047101
1.39505
1.23048
0.275297
0.326486
0.257546
0.599711
0.500715
0.288804
1.32834
0.921164
0.431899
0.342757
1.51442
1.3269
0.228011
0.253768
0.451672
0.940804
0.18675
0.396614
0.159147
0.834884
1.37663
0.299374
0.149707
0.361324
2.08483
0.134352
0.426234
0.79741
1.38236
0.755689
2.64167
5.59473
0.567042
0.951249
0.655241
0.817079
0.812977
1.1452
1.16667
1.35206
0.0197103
0.92505
0.574203
2.00033
3.12613
1.25995
0.487158
1.46462
2.50763
0.0401595
0.128849
0.0841495
0.312774
5.54234
0.374498
0.25801
1.13321
0.137083
0.417792
0.291698
0.173862
0.197379
2.94248
1.08753
0.819954
2.57409
0.439582
0.705312
0.648288
2.25037
1.54382
1.18525
0.402548
0.140988
0.287999
0.118591
0.128398
2.01993
0.169187
1.59224
0.376056
0.0205911
1.75826
1.56039
0.605091
0.0473133
2.38852
5.41673
0.279254
0.512078
0.630909
0.51454
0.0973794
0.0798001
0.131741
0.939894
0.00936752
0.974552
0.802619
0.00536759
0.024731
0.193054
0.582011
2.75427
0.853803
0.677078
0.617616
0.61821
3.44338
0.135055
0.700625
6.88697
0.759247
2.09884
2.36167
0.649267
1.0006
1.23328
0.127338
0.095297
0.990485
0.908973
0.501057
0.068784
0.105657
0.524668
0.257305
3.17177
0.386814
2.55832
0.00523792
2.98987
2.98839
1.28951
0.696623
3.23231
3.68342
1.31657
0.393288
0.571955
2.43378
1.62054
0.783555
0.727845
1.07895
3.38939
0.479346
1.23168
2.1223
0.609528
3.27735
0.74965
1.05548
0.944222
1.25883
0.408354
2.16621
2.95874
0.529421
0.353216
1.33681
2.58764
0.458922
0.103283
0.372053
0.0867029
0.943109
1.4226
0.219528
0.0806058
0.562309
4.17001
0.034134
0.459113
1.46357
0.655896
2.92163
1.33334
0.134879
0.443128
0.613476
0.0563844
0.555088
0.123513
1.26619
0.607075
2.09292
2.64602
0.623983
2.67124
1.30664
0.686914
0.527625
3.44751
1.20179
0.227556
0.18705
1.18439
0.50737
0.976899
1.33881
1.16959
0.629188
0.836704
0.135329
1.04734
0.2735
0.26867
0.227707
1.7913
0.0345525
0.0949687
0.0223916
0.376513
3.23484
0.801236
0.0377378
1.03776
0.0476784
0.704128
0.430435
0.363785
0.269805
0.095213
0.28628
0.268498
0.456892
0.882704
0.841407
0.906069
0.715438
0.311898
0.250916
0.560649
0.630151
0.561684
0.316923
2.22643
1.89436
1.00866
0.448255
3.18513
2.27553
1.50797
0.924545
0.638718
0.355378
0.380762
0.279115
0.102374
3.34296
1.08018
1.42755
0.46162
1.13034
0.268657
0.550217
0.961409
0.173149
0.166706
1.45473
0.28502
0.653581
0.313526
0.904417
0.993556
0.69376
0.0864868
2.64572
1.26958
1.15317
0.527681
0.176973
0.670889
0.00321063
2.04166
0.459076
0.24222
0.956119
0.533558
0.535251
0.739948
1.34931
0.981642
1.89247
1.58265
1.42182
0.267252
0.710922
1.80677
0.940273
1.98754
1.44513
0.673395
0.541968
1.76947
0.243833
2.09636
1.76352
3.42946
0.814847
3.2966
0.617709
0.919237
0.0116416
1.89847
0.57449
1.20659
0.158848
0.393594
0.0205459
2.37422
0.662791
0.42099
0.960944
1.07415
3.27881
0.0215255
0.0120291
1.00566
0.336593
1.72089
0.756771
1.0019
0.0992905
1.0037
0.826426
1.96421
1.87569
1.59761
0.751458
0.388442
1.40349
0.488601
0.0577481
0.0702161
3.58756
1.06036
0.101906
1.38912
1.33662
3.35874
0.493657
0.348109
0.062763
0.111729
1.19083
0.142474
2.44326
0.050541
0.268951
2.21586
0.202179
0.434202
1.42797
1.193
2.17591
1.15933
1.02818
0.479363
0.774195
1.92471
0.839347
0.274576
2.55358
0.33319
0.128907
0.0653915
2.40354
0.880521
0.544667
1.88076
3.99529
0.89919
0.760063
1.17594
1.00803
0.519356
0.965911
0.383674
0.337133
0.92471
0.753819
0.93533
0.465185
3.01599
0.123047
0.517083
0.229416
1.23874
0.0976143
0.284879
0.551073
0.161681
0.428828
2.63683
0.60876
3.28963
1.51004
2.13917
1.53002
0.0584452
1.70987
0.376894
0.959924
0.717912
1.17876
1.85907
0.217115
0.385581
0.246903
1.97597
1.43372
1.15352
2.4022
0.416028
0.710352
0.0362382
0.829964
0.624125
1.08622
0.372558
0.103733
0.214722
0.502977
0.271196
1.22269
0.168859
0.606665
0.123732
0.532542
0.862018
0.0945391
0.944405
1.776
0.0632791
2.2995
0.0535974
0.488255
3.06705
0.267426
0.432481
0.128481
3.09711
0.622472
0.699818
0.720798
3.75407
0.131932
0.402759
0.910214
1.02317
0.363425
0.302872
0.641884
0.210803
1.1886
2.88032
0.4617
2.28172
3.15928
0.0710697
0.764789
1.3809
0.601382
0.0931262
3.62173
0.987541
0.00146856
0.483372
0.86313
0.394521
0.175177
2.04215
0.376374
0.235578
0.402844
1.59261
0.494185
1.14612
1.08452
0.777946
1.74413
2.1456
1.46761
0.296386
0.479571
0.146851
0.502698
0.212272
2.22587
0.20146
1.20734
2.39625
1.36122
0.507433
0.438125
0.800082
0.381645
0.175987
0.199916
3.32026
0.209536
1.85268
0.105961
0.0789309
1.13397
0.246444
0.728552
0.747035
2.05626
0.54384
0.185666
0.31168
1.47477
2.42696
1.27129
1.62655
2.1496
1.96789
1.4959
1.80378
0.0266948
0.129803
0.514698
0.708827
1.47058
1.96946
0.035822
3.15595
1.45041
0.433192
1.30416
0.967894
2.86992
0.288235
0.11256
0.610983
0.645129
1.67376
1.61957
3.25115
0.777945
0.0367335
0.991432
0.229717
2.17676
0.278551
0.793727
0.276491
0.406687
0.584296
0.938272
0.707721
0.856314
0.158241
0.830617
0.53564
0.926473
1.6168
0.724129
0.938759
0.0458771
0.358196
1.14532
0.299954
0.799537
0.31059
1.42308
1.45033
1.59711
0.0188877
0.0396228
0.154027
1.47131
2.56227
2.8892
0.856031
1.47578
1.08561
0.442251
2.27876
0.917538
1.99261
0.402019
0.623835
1.19011
0.565993
1.62984
1.02083
1.23757
0.336186
1.54097
0.415823
0.524902
0.426071
0.383884
0.241377
0.252476
0.72606
0.185057
0.681117
3.90048
1.23251
0.965252
1.31395
1.9888
0.278921
0.851871
1.76965
0.934577
0.151088
0.240511
0.46545
0.134119
3.44879
0.131888
0.593178
1.09747
0.739917
1.22431
0.381495
0.398238
2.47093
0.149075
0.645474
0.0503798
1.74513
0.546588
0.254182
0.756616
0.322603
0.473521
1.99891
3.59286
2.85785
3.24256
0.27085
1.45718
1.32024
1.65251
0.937965
1.61634
0.218859
1.11243
3.21465
1.73981
1.38796
2.15596
0.796569
0.121299
0.159425
0.219664
0.291242
1.99175
0.0429901
1.03803
0.777233
0.253807
1.52403
0.374541
0.0446919
0.890218
0.0497281
0.166915
0.390387
1.12226
0.0124028
0.0221017
1.00656
0.480766
0.070488
1.22516
3.11677
1.84136
1.23003
0.849826
0.225447
1.70125
3.22277
0.106566
0.0894725
1.22129
0.265898
0.591513
0.434874
0.438123
0.0443835
1.56159
1.31088
0.0942346
0.989693
1.10756
1.16172
0.885795
3.07051
0.216323
0.782763
0.257759
0.191949
1.80052
0.439931
0.595091
1.64309
1.09655
1.56946
0.447935
0.174561
0.129813
0.847397
6.65306
0.0296261
0.97762
0.652797
0.34566
0.123281
0.338998
2.76199
0.0374003
1.12443
0.275405
0.150901
0.28568
1.35119
0.113963
0.365931
1.04323
2.77551
1.26273
2.71595
0.314969
0.0873777
0.0697549
1.11596
0.0285519
2.28108
1.06463
1.03981
0.539334
0.429534
0.262702
0.345881
0.580004
0.382224
0.405218
0.161355
0.748827
2.82145
0.179776
2.70973
4.11687
0.675048
1.51023
1.37417
0.00464176
0.0103506
0.771684
1.20631
0.0238696
1.64342
0.606158
1.08652
0.170584
2.4877
0.928526
0.606294
0.828227
1.43897
0.0886971
1.04099
3.71927
0.739707
0.151244
0.342239
1.00154
1.14226
1.23596
0.520861
2.6758
0.304429
0.921765
3.15396
1.83582
0.404366
0.467773
0.168819
0.406334
0.400585
0.355024
0.612439
1.00592
0.0809703
0.0489737
0.195841
0.141206
0.219415
0.169981
0.381932
0.747981
2.90942
0.404913
1.44902
0.950814
3.53613
0.372481
0.320663
0.827112
0.441039
0.355066
0.446883
0.559378
1.84293
0.22101
0.31574
1.01922
2.22505
0.513015
0.102034
0.824943
0.0362938
0.0650265
1.3135
2.70715
1.05469
1.81107
0.280763
0.631911
0.369407
2.15722
0.159212
1.07014
0.405798
2.47206
0.390285
0.552754
0.0621286
0.896915
3.18693
0.97827
0.189191
0.0820589
1.79367
0.413805
0.998931
0.151282
0.986724
1.20846
0.417416
0.0195374
1.17099
1.39953
0.336447
0.720784
1.03801
0.120891
0.36432
0.0496561
0.667469
0.840996
1.24411
0.0600211
0.0117389
1.50749
2.99674
0.367377
1.40536
0.153251
1.25199
1.08342
0.523242
0.456811
0.0760534
1.27674
0.327874
1.78819
3.36108
0.281774
6.11639
0.987339
0.0359492
1.15216
0.606845
1.68414
0.494185
1.59876
0.417941
1.05159
0.00466944
0.489357
0.572998
0.0224149
1.87991
1.31141
0.603751
0.233071
0.378446
0.528209
0.985371
0.633525
0.411542
1.34227
0.731852
0.0844349
3.50663
1.40265
1.24738
1.87092
2.72146
0.741632
0.199196
0.462991
0.33293
1.70801
0.0941707
0.361537
0.0855053
1.39231
1.03685
0.194202
0.0387333
0.0175647
0.0939812
0.986396
1.35604
0.574593
0.179624
1.37365
0.474576
1.10907
2.4864
0.973119
0.207665
0.849684
1.02505
0.245517
2.38088
0.975525
1.03652
0.610053
3.35816
0.306752
0.346506
0.50663
0.211286
0.994688
0.001953
3.07652
1.33734
2.28426
0.475607
1.19131
3.49099
3.02549
3.73107
0.465625
0.366268
2.52932
0.0475271
0.301562
0.019296
1.84673
0.797998
0.0857182
0.210794
1.20751
0.384396
1.03415
0.806202
1.04631
0.0314751
1.2797
0.893446
1.03913
0.157506
2.72577
0.84818
0.0755327
0.910368
2.39041
0.771685
0.250238
0.350235
0.145074
0.533091
1.77393
1.30136
0.477461
0.396898
2.09016
1.05136
1.84045
0.132143
0.520047
0.212388
0.823175
0.223024
4.31563
0.193302
1.33821
0.00720937
2.1637
0.24494
3.73562
0.536921
2.05871
0.697715
0.357076
2.71511
3.27295
0.401083
1.08808
0.864263
1.23955
1.06945
0.254086
0.985933
0.112196
0.177956
1.65015
0.172086
1.29186
0.00229398
0.821911
0.253614
0.979418
0.356492
0.192504
1.23038
0.548815
2.60082
0.371946
2.6492
2.07404
2.35644
0.892664
0.324995
1.74571
0.245736
0.391313
0.750984
0.269632
0.706179
1.28525
2.58241
1.13818
0.568518
1.28124
2.61598
0.972291
2.0676
1.26354
0.106843
0.518738
1.65227
1.62425
1.24634
0.301344
0.572393
1.78507
4.85333
0.240007
0.738008
0.473769
4.72282
0.358723
0.124971
0.213463
0.93002
0.286705
0.305995
1.88928
0.644156
0.455855
1.88441
3.51629
0.935079
1.96842
0.157492
3.53283
2.56004
0.890079
0.388453
2.25085
0.673613
0.207526
0.0476099
0.211276
0.983249
2.64993
1.76705
1.76012
1.25947
0.140537
0.569592
1.39744
1.03481
0.791112
0.19037
0.425246
3.53128
0.601953
1.00109
0.39111
3.1403
2.44121
1.68625
1.33923
0.850753
0.311613
0.403477
1.55313
0.848923
3.40842
0.590304
1.02229
0.619575
0.736906
2.77848
0.0933554
7.27331
0.118777
0.228703
1.06151
3.51062
0.152011
0.0641039
0.67011
0.239731
0.146705
1.1162
1.19475
1.80054
0.765928
0.137595
0.649669
0.658899
0.269516
1.14727
0.921679
0.841232
1.83168
1.06173
1.20183
0.0584495
0.265923
1.47118
0.723313
0.559281
2.24865
0.360577
1.21679
1.56021
1.64778
1.99317
0.0171469
1.42376
0.362112
0.327205
0.155424
0.358301
0.0975041
0.665283
0.846694
0.677442
0.152395
0.0391306
0.0869772
0.251366
0.428393
0.478538
2.11604
3.98848
1.90082
1.00157
0.689173
0.649586
0.827962
0.0281764
0.0496488
0.276932
1.27797
0.354523
1.41878
0.465049
1.8276
0.0278568
0.0703542
2.75769
2.99473
0.117231
2.2592
0.746106
0.200417
1.40599
0.0415449
0.233415
1.31581
1.1585
1.62627
0.529623
2.51022
0.0890508
1.81853
0.957378
0.100799
0.0164036
0.162222
0.464671
0.504744
0.336572
0.526039
0.0569583
0.294539
0.778302
1.42579
0.919431
1.64569
0.56725
1.85407
0.871525
0.136849
0.786555
0.651979
0.839253
0.0597406
2.28225
0.595923
0.805525
0.480971
2.04326
0.134363
1.74474
0.553981
0.854429
0.959661
0.549777
1.92327
1.52955
0.0279268
0.0482382
0.53012
0.874459
0.0337976
2.11021
0.736027
0.935012
1.91982
0.599587
1.16979
0.211477
2.48853
1.73722
0.393707
0.64333
3.48619
0.784668
0.373971
0.981488
0.503259
2.66452
0.10876
0.204967
0.482732
0.395462
0.608719
0.409584
1.97902
0.184451
0.961593
1.50108
0.662672
1.35167
2.234
0.0748879
0.24463
1.77514
0.321034
2.58709
0.298079
0.243977
0.0974473
2.28822
0.303634
0.118614
0.624996
1.49387
0.505608
1.19135
0.529894
3.24526
0.201693
0.35745
1.16284
0.25212
1.94962
0.651455
0.170666
0.573904
0.0664955
0.0535038
0.922451
3.6032
1.4377
0.908056
0.690817
1.11543
1.1027
0.0878719
4.08167
0.0382226
0.341854
0.344813
0.161975
0.0143066
0.392357
2.61572
0.187049
0.720854
0.220566
0.523665
0.783081
0.320082
1.28568
0.106572
0.0782479
1.07577
3.68528
0.264909
1.77522
0.15972
0.963148
0.31228
0.0253703
0.47489
0.269807
0.614725
0.55689
0.257089
0.0187297
0.713691
1.77155
0.302166
3.61547
0.722905
0.0673869
0.662267
0.369749
2.87476
0.374509
0.338764
0.699046
0.759466
0.436078
0.378005
2.40799
0.447576
0.283584
0.251496
0.865669
1.1511
1.14341
0.398391
0.877024
0.720092
0.171872
0.835374
5.26222
0.682931
3.86392
0.187454
0.355796
0.0138903
1.35785
1.25645
0.269236
0.0884629
0.375947
1.00123
1.11709
1.00554
1.71016
1.21044
0.300279
0.0490463
0.884093
0.304796
0.583989
0.0100043
1.01438
0.789459
0.354617
2.27502
1.2369
0.842243
0.179151
0.57715
0.169452
1.84754
1.40988
0.989411
0.740148
1.2269
0.469572
0.837608
0.589496
1.36795
1.1739
0.0496448
0.652784
0.363859
1.78538
0.384016
1.46319
3.77802
0.212267
0.031371
0.974288
1.50821
0.127263
0.486773
0.0775829
2.31232
5.06068
1.64051
1.40922
0.0926502
2.21051
0.0488413
1.0688
0.0424114
0.127677
1.61164
1.92852
0.664096
0.412546
2.7791
0.760161
1.27051
0.00231337
0.442323
1.39531
0.319252
0.0845295
1.08338
1.38028
1.16212
0.901884
2.95543
2.40334
0.0692326
0.892762
2.67921
0.276455
1.68486
0.34757
0.195995
1.16867
0.496979
0.738005
0.0412485
0.167639
3.24057
0.171456
0.0491941
3.14931
1.59322
2.0305
0.118198
0.839104
0.239937
1.83885
0.683833
0.0671289
2.26183
1.26446
0.942554
0.679924
1.0046
3.40347
0.315329
0.358512
2.88409
0.835738
0.100288
1.08093
0.841978
0.2448
1.05694
1.38818
1.15662
1.05964
0.106114
0.159474
0.551298
0.406437
0.513183
0.172865
0.313679
0.798297
0.528793
0.232229
0.861927
0.549203
1.12513
2.14971
0.0372541
0.48544
1.53299
1.57212
1.91092
0.64888
0.525006
0.338396
2.48573
0.681112
0.543912
0.227463
0.881099
2.12097
1.89246
0.0383169
0.0522513
0.0354668
0.139923
0.0604731
3.78404
1.46384
0.927462
1.16995
0.0774008
0.158938
0.369762
0.419144
2.16978
1.00293
0.93861
1.03351
0.276724
0.964645
0.361849
1.11635
1.38176
0.311364
3.35083
0.131618
0.30897
1.1679
1.75317
0.129551
1.16752
0.340442
0.790266
0.15477
0.468047
0.921756
0.561227
2.65739
0.250665
1.78152
1.06023
1.01185
1.02592
1.87805
2.82018
0.315713
0.309879
1.34939
1.8509
1.83011
0.191616
0.948805
0.0710225
1.92447
0.469227
0.89341
0.37188
1.98288
0.150271
2.68881
0.108917
0.92322
0.29532
0.246092
2.62959
2.81765
0.0336117
0.246991
1.70683
2.19891
1.48694
0.0783289
0.172019
0.350913
2.10825
0.616175
0.360812
2.18217
0.963281
1.17587
1.10754
1.39509
0.366201
0.205671
0.653145
0.653904
1.75362
1.54776
0.65104
0.328476
1.06119
0.74249
0.855511
1.89728
0.28322
0.19748
2.34392
0.720707
0.426475
0.137197
1.2393
0.497302
1.98573
0.698392
0.732781
2.61126
2.32448
0.865115
0.173537
2.30228
1.23027
5.17596
0.928094
1.81715
2.03954
3.44231
0.930735
0.126546
1.55283
0.100081
0.477684
1.20966
0.00125089
1.62659
3.95122
1.15027
0.127339
0.630669
0.691491
0.279265
1.50573
0.124282
0.132695
0.268603
0.814856
0.186791
2.6978
2.28918
0.321218
1.21635
0.999804
0.0720187
1.04708
0.20941
0.573999
1.40659
0.0648483
1.57527
1.59513
0.0417146
0.218094
0.352724
0.413821
1.29783
0.834362
0.131876
0.776335
1.09751
0.98512
0.360497
0.373407
0.0365155
2.23681
0.492865
1.03932
0.426876
0.990531
0.138666
0.231134
0.278667
1.38388
0.390281
0.680327
0.6368
1.45944
2.31133
1.87654
0.0487952
0.727353
0.362159
1.35877
1.45851
0.0447344
0.227056
2.98732
1.90866
0.0496399
0.34537
0.242235
1.40322
0.680815
0.0497186
0.0443634
1.20212
0.0884721
0.165042
0.408533
0.424467
0.0444048
1.20513
0.517778
0.913506
0.740097
3.22171
0.165028
1.51677
1.87305
0.659238
0.912956
0.634125
0.0202532
1.46016
3.69876
2.2476
0.383435
3.46448
0.289265
4.66514
0.910508
0.635082
0.187754
0.630696
4.10367
0.743355
0.1056
0.643791
0.0485094
2.43253
0.853339
2.08015
0.09559
0.0884442
0.365045
0.81538
5.64523
0.194003
0.405056
0.877875
1.40261
0.275768
0.354086
3.29713
0.690099
0.109495
1.69696
0.208611
0.0702372
0.288085
0.254986
2.26024
2.99368
0.762174
0.559616
0.8887
0.414923
0.509681
0.303581
1.23287
0.013918
0.65733
2.00061
1.24986
0.155053
0.375202
1.16843
0.524486
0.0449316
0.773463
0.606904
1.24274
0.611304
0.285931
1.28965
0.331978
0.294598
0.126962
1.49479
3.13853
0.920047
0.217255
0.945431
0.644849
0.858904
2.238
1.24688
0.477588
0.122989
1.11456
0.549382
1.13486
1.37652
1.19639
0.848097
1.06464
0.0487277
0.750218
0.56521
0.327489
1.55315
0.789033
1.20911
0.891981
0.536371
1.36331
1.31341
0.312712
0.629861
3.20608
0.485598
1.17441
1.74406
0.312723
0.0478394
0.0103057
1.82397
1.5146
0.688636
0.395409
0.487633
0.272174
0.515737
0.833252
0.347835
1.89848
0.936139
0.180551
0.16242
0.925941
0.568383
1.13894
2.17363
0.727148
1.55389
0.988503
0.439644
0.123262
1.25774
1.466
2.83197
1.45475
0.664204
4.12471
1.2286
2.46501
0.735053
0.313736
0.164133
4.24716
0.284118
0.520169
1.82315
0.784938
1.77
0.852802
0.670079
1.72981
0.0689818
1.65033
3.12448
0.108519
0.445146
0.577034
0.384031
0.579135
0.555688
0.951632
0.574698
0.640834
1.08782
0.235739
0.1326
0.79815
3.17681
1.26893
2.10761
0.059526
0.167164
0.738549
0.166596
0.0709533
1.8874
2.06159
1.39596
0.389174
0.0927089
0.225527
0.253662
2.86105
1.61059
0.596759
0.545779
0.832089
0.224865
0.0418593
1.18028
1.52043
0.648386
0.15808
1.55961
1.61978
1.41045
1.67676
0.47209
0.311359
2.28691
0.765069
0.452528
0.566894
0.352892
0.601341
2.17531
0.018783
0.278034
0.861309
1.94283
0.545277
0.42419
1.07599
0.644752
0.785654
2.84695
0.263869
2.05106
0.145905
1.08876
0.457207
0.0480315
0.299362
1.65204
0.0850117
0.58414
1.23356
0.815505
0.622336
0.688079
0.126543
0.26833
0.825367
0.595807
1.42036
2.97313
3.35021
3.96388
0.48473
0.289076
1.6032
0.0752984
1.22855
1.02161
0.565444
0.0830388
0.273472
0.46972
0.391166
0.834416
0.755669
0.451438
1.73631
0.183819
0.843465
1.83729
0.00851559
0.995593
1.37593
1.44271
0.254495
0.721564
0.0483889
1.60588
0.568659
1.12703
1.35614
0.679313
2.30184
1.90655
1.95474
0.904723
0.931846
0.148671
0.0752523
0.0465383
7.15434
0.326991
2.3326
0.156325
0.581371
2.12487
0.402424
1.94912
2.12245
0.533831
0.0909832
1.5703
1.3661
0.668666
0.40752
0.745565
0.700229
1.28206
0.606152
1.78535
0.843493
3.76166
2.56814
1.42675
1.00839
2.27661
0.397623
0.121564
1.3577
0.124008
0.707381
2.34679
1.18724
0.0157948
0.457716
1.71195
0.154293
0.143001
0.980003
0.6643
5.96736
0.0448965
0.714221
0.956193
1.95062
0.127382
0.287911
0.419473
1.97366
4.77413
0.134955
2.89229
1.32383
2.72907
0.429407
0.51806
0.901902
1.25208
0.481833
0.193303
0.032846
1.54393
0.317912
0.139208
1.27177
4.577
1.7541
1.57477
2.32749
0.038801
3.5241
0.0332806
3.19447
0.06116
0.659118
1.00841
0.232376
0.0635458
1.28146
0.746941
0.642685
0.387169
0.457803
0.726705
1.99937
0.20101
0.0949851
0.930284
1.04907
0.370969
0.332469
0.331313
0.371008
2.46399
0.167256
0.868666
0.357638
0.637071
3.12096
0.764357
2.93833
1.57605
1.23763
0.245563
0.914843
0.794086
0.179319
2.07009
0.721384
0.125127
0.106573
0.265078
0.280258
1.07781
0.429855
0.788831
0.198013
2.64397
0.895962
0.0913526
0.555918
0.403394
0.502038
2.06812
2.08709
0.534768
1.62149
0.698308
0.000320824
2.05364
1.32698
1.52896
2.08623
1.61794
0.936476
5.38547
2.66881
0.776329
1.46763
0.0823878
2.97286
0.875787
0.122726
0.0709142
0.812027
3.91576
1.10425
2.79729
0.806897
0.981168
1.93401
0.612365
0.69691
0.355553
0.0816573
0.394348
0.640674
0.478884
0.172434
0.0465202
0.189811
0.0766615
4.52066
1.16904
0.050031
0.0250298
1.78725
1.14963
1.10116
0.46065
0.0674016
0.585414
1.38002
1.90967
1.26635
0.304319
1.1446
0.946041
0.121275
0.289182
0.186005
1.40811
0.625544
2.04854
0.704834
1.85773
0.0436253
0.153464
1.54828
0.0160044
3.36888
1.86691
0.843632
0.728177
1.01922
2.28388
1.38465
3.44154
0.313454
2.37374
0.163877
0.785114
1.75725
0.0182963
1.90707
0.512196
0.723599
0.531143
1.81329
1.78182
1.04698
2.01522
0.585331
1.45601
0.584191
0.00654744
0.125795
3.23436
0.172266
0.418694
0.639732
0.566756
0.459114
1.14074
0.0983361
0.0449974
1.07718
0.870846
0.130078
0.357755
0.187688
0.455936
1.11247
0.133127
0.303878
1.7551
0.821614
0.179828
1.52031
1.59937
2.14863
1.24874
0.914832
0.992331
0.24861
0.13865
2.84032
0.464319
3.36584
0.304403
1.3187
0.0451749
1.19552
0.417094
0.903552
0.217284
1.20333
0.694795
1.38891
0.53347
2.11664
0.114016
0.159235
0.547373
0.206424
0.939858
0.484387
1.10862
0.25477
0.339054
0.0658383
0.312939
1.13949
0.263852
0.0592168
2.46232
0.286933
0.754002
1.50533
2.54918
0.536471
0.282678
0.281459
0.281704
0.244909
0.966069
1.30492
1.1939
0.593329
0.104551
1.27766
0.677568
1.55613
1.48667
0.660173
0.694641
0.586251
0.396332
0.444275
0.980813
3.01853
0.302322
0.458205
1.19247
0.0866161
0.995733
0.680178
0.162995
2.61537
0.21759
1.58282
0.00455201
0.313804
0.831757
0.788394
1.58653
3.43944
1.45793
0.828243
0.0203223
1.19972
0.763501
0.870041
0.230482
2.61508
0.696516
1.61493
0.394171
0.682254
0.415739
1.63284
0.281579
0.402914
0.583463
2.67653
0.0032138
0.900747
0.041181
0.865801
1.51029
0.376562
0.442135
0.0647385
0.9653
0.439818
0.366266
0.709528
0.831631
0.20385
0.275956
0.783233
0.622201
0.626551
1.95535
0.422592
0.0461918
1.23497
0.61944
0.0544898
3.22152
0.948155
1.90756
0.0571086
0.600684
0.22405
3.14468
0.880063
1.41111
1.06689
0.44816
0.25242
1.10632
0.56039
1.81813
2.52371
0.000579677
0.0188626
0.335585
0.166842
1.66397
0.0427677
1.11872
1.57523
1.58402
2.3677
0.126778
0.791557
0.446602
1.18932
0.857609
1.91105
1.1285
0.932314
0.131793
0.485735
0.125785
0.531851
4.20807
1.19878
0.407561
0.91726
0.509526
1.68543
3.47473
1.682
1.4999
1.85172
0.738019
0.705923
0.404715
0.257071
1.33471
1.71777
3.62021
0.262307
0.400672
3.49473
1.37116
0.631889
0.0654498
0.181474
2.69909
0.148899
1.03477
0.761096
2.31522
0.210963
0.441764
1.0281
0.558211
1.2348
1.10043
0.272826
0.304069
1.14477
0.523233
0.464445
0.673467
0.171947
2.4943
0.299439
0.932637
0.269894
0.285387
0.901649
0.3739
1.45406
0.081009
0.207692
1.21697
0.0755871
0.324283
0.636589
1.81518
0.20005
0.57959
1.65137
0.424836
0.150713
0.683377
0.238224
3.17532
0.277951
0.771991
0.111528
0.0128975
1.41604
0.0399229
0.649695
0.611692
0.877858
1.74816
0.0972677
2.27954
3.18406
2.32859
0.582295
4.52868
0.887511
3.15656
0.958233
0.505667
1.06146
2.61176
0.169066
0.676032
2.50093
0.463712
1.26433
0.645417
0.327056
1.37552
2.7809
0.608135
1.68769
0.6237
0.42826
0.867017
0.612618
0.572481
0.458984
0.593602
0.959384
1.06251
0.336126
3.0444
0.504842
0.0568166
0.20031
0.202475
0.764269
0.0908186
2.61539
0.409082
0.21744
0.327968
1.94385
0.370015
0.986406
0.994327
0.390016
0.118177
0.10215
0.881209
0.00369158
1.72208
0.130222
0.15554
0.310701
2.6135
1.4836
0.388969
1.58768
1.48064
1.35717
1.43702
0.814888
1.59972
0.229352
0.224776
1.00122
0.876823
0.79624
0.150823
1.02616
0.819596
0.578146
0.560234
3.66208
1.99494
2.79755
0.301791
1.46874
0.409723
0.815132
1.62546
1.9257
0.195791
2.46312
0.644842
0.694989
0.651537
0.831736
1.07104
3.32597
1.12917
0.680861
3.37556
3.03554
0.0817268
0.854901
0.717039
0.500103
2.38185
0.257392
1.49312
0.738677
1.69251
1.0983
1.28067
0.121232
0.630367
0.200973
2.94955
4.79833
0.609222
0.0897457
0.31814
0.122921
0.599669
0.617511
0.153478
1.99782
1.64584
0.081809
0.176222
1.32222
1.95705
0.410981
0.449483
0.956486
0.50503
0.859233
0.833831
0.162369
0.351498
0.583647
0.14383
0.109869
0.695174
0.211337
0.146273
0.366572
0.484806
0.0662162
0.988277
1.68298
0.642541
0.737455
0.512572
0.770023
0.407617
0.893637
1.49455
1.77939
0.847616
1.09795
0.340608
0.1047
0.133753
0.507197
0.643698
0.644923
1.09242
3.4384
0.323903
0.697973
0.912624
0.0650436
0.525365
0.477122
0.436906
0.81388
0.90738
6.37573
1.1248
1.17299
2.50902
0.608337
0.0696781
0.0294762
0.329302
3.1196
1.01783
0.404985
1.14177
1.10095
1.27372
1.26895
1.03055
2.91689
0.195861
0.0221886
1.26839
1.67829
0.621912
0.615422
0.0166089
0.385177
0.761421
1.39973
0.65945
0.993804
2.43003
0.613367
0.278245
1.68186
1.13464
2.50644
0.461589
0.559887
0.0792708
3.48265
0.760077
0.338887
0.0183116
0.140255
0.147409
0.238088
2.95233
1.65514
1.85304
