0.642111
0.803796
1.23589
0.60644
1.35251
0.819695
1.01257
1.18667
0.763304
0.717359
1.04962
0.986511
0.744613
0.475395
0.933402
0.901523
0.645855
1.04236
1.28885
1.00978
0.662596
0.559278
0.891218
1.14397
0.822428
0.89558
1.49232
0.491028
1.23128
0.509981
1.26722
0.815535
1.3931
1.17151
1.21155
1.16325
0.639301
1.0581
0.938654
1.07001
1.15437
0.933044
0.74264
1.2962
0.998742
0.745677
0.790444
1.58124
1.42177
0.997303
0.823946
0.902033
0.542665
0.832751
0.929852
0.497428
0.549835
1.28811
0.867051
1.57279
0.681139
1.06967
0.889122
0.86067
0.760026
0.976305
1.30643
1.05828
1.17209
1.25195
0.399348
1.44389
1.35435
1.15962
0.572435
0.891272
1.49585
1.69295
0.701239
0.645725
0.744044
0.849365
0.667997
0.890394
0.819752
0.695726
1.18715
1.01774
0.745138
1.50669
0.961152
0.99229
0.558631
1.27127
1.17641
0.668623
0.797016
1.02014
1.046
1.37096
0.854495
1.08237
0.777909
0.968311
0.65754
1.35689
0.907881
0.874716
1.15714
1.13901
1.04965
0.931957
0.982828
0.878954
0.950382
1.1739
0.808208
1.22418
0.649126
1.55077
1.13334
0.831231
0.754794
0.598912
1.51736
1.49496
0.704793
0.866472
0.742407
1.69781
0.858285
0.735764
0.819001
0.644255
0.851491
1.29289
0.825832
0.827019
0.892573
1.0739
1.04636
1.02782
0.935432
1.12313
0.946191
1.51502
1.09255
2.01498
0.767685
0.856967
1.46183
0.623391
0.687429
0.940327
1.18467
0.720888
0.524075
1.11512
1.9985
1.01617
0.860274
1.03409
0.891179
0.893024
0.838714
0.827501
1.02539
0.846303
0.965718
0.910083
1.0012
0.645829
1.38933
0.678551
1.15028
0.41081
1.39358
0.801926
1.50171
0.954022
0.954241
0.789946
0.841861
0.571826
0.786244
0.891682
1.01912
0.984934
0.605425
0.792908
1.02886
1.30571
0.986096
1.07579
1.18505
0.823433
1.72604
0.83015
0.980023
1.0176
0.904803
1.32614
1.20826
0.559736
1.11678
1.96657
0.919406
1.66654
1.12224
1.3328
1.2544
1.00737
1.0542
1.82039
1.34493
0.603559
1.25865
0.76902
0.762677
0.804904
0.891778
1.1062
0.78884
0.415164
1.24005
0.821402
1.24009
1.13957
1.81407
1.48074
1.33029
0.930796
0.906309
1.12071
0.865738
0.585967
1.52899
0.997577
1.05163
0.726469
0.618413
1.14023
0.420887
0.931268
1.11996
0.930686
1.68267
1.04895
0.962578
0.636465
0.817367
0.630518
0.780489
1.08104
1.25321
0.999514
0.875855
1.21786
1.01808
1.00476
1.37869
1.00274
1.00338
0.520939
1.37791
1.46019
1.26815
1.47455
1.0558
0.481636
1.41106
1.18318
0.847973
1.27074
0.626182
1.3412
1.28791
1.3773
0.689019
1.90205
0.725282
0.894091
1.00107
1.70355
0.561299
0.663028
0.896416
0.450551
1.10453
0.833405
0.786996
1.66385
1.36033
0.783507
0.480827
0.727255
2.09162
1.00093
0.729363
1.21305
0.955192
0.641112
0.696228
1.23818
0.970321
1.38778
1.29871
1.17735
0.737378
1.3479
0.780943
0.917429
0.848695
0.45462
1.15372
0.822143
0.811295
0.949452
0.806431
1.08255
0.712373
1.10979
1.10317
0.953953
1.05248
0.581481
0.609504
0.802822
1.2429
1.11797
0.814834
0.874981
0.74507
0.830585
0.872956
1.05911
0.891833
0.845227
0.610957
1.55122
1.11557
0.477828
0.569081
1.2579
0.753329
1.12385
0.930591
0.892246
0.97669
1.73717
1.32506
0.785394
0.645855
0.573066
1.07524
0.61628
1.1661
1.55254
1.08864
1.08808
1.08416
1.20782
1.35365
1.64364
2.00124
0.595004
0.714579
1.01891
0.781957
1.11581
1.05321
1.15044
0.524056
1.03611
0.978162
1.86373
1.02448
0.787468
0.622151
0.98088
1.1932
0.692762
1.02685
1.63587
1.06034
0.821807
0.908523
0.478472
0.625083
0.921931
1.17385
0.964664
1.18585
1.00768
0.797226
1.32029
1.06388
0.709575
1.05262
0.732479
0.912218
1.22506
0.815404
0.686991
0.878716
0.434964
1.1426
0.856769
1.23198
1.02154
1.36656
0.94571
1.12336
0.680662
1.13668
1.36578
0.757096
1.07612
1.04544
1.31538
1.26594
0.633364
0.667191
1.6502
1.01158
0.793733
0.693445
1.22733
1.22393
0.849326
1.08807
1.31883
0.622994
0.719938
0.811612
0.862121
1.69869
0.941559
1.08363
0.849702
0.59788
0.711841
0.983073
1.70685
0.622809
0.698566
0.891022
1.08218
0.522254
1.21684
0.844616
1.08569
0.852795
1.12285
0.953677
0.716745
1.28989
0.805747
1.26113
1.07695
0.643953
1.10255
0.769051
0.78216
1.15717
0.965863
0.775808
0.910648
1.40989
0.609638
0.603282
1.2193
0.428355
1.35992
1.08589
1.13807
1.00118
0.860565
0.819989
1.16068
0.507289
0.683557
1.02344
0.78151
0.361882
1.08664
1.11485
0.934219
1.26933
0.708046
0.665465
0.975949
1.02994
0.868661
0.460221
1.04423
1.16882
0.923995
1.20074
1.40549
0.480559
0.930119
0.911963
1.02729
1.7553
0.885776
1.01509
1.10068
0.720832
0.844251
0.938113
0.834523
0.768997
0.970651
1.05324
0.720926
0.939654
0.913962
0.717506
0.886763
1.17115
0.95172
0.861102
0.780388
1.09078
1.35674
1.28378
1.33173
1.64122
1.16795
0.744027
0.719728
0.726966
2.00478
0.862896
0.744271
0.901396
0.867094
1.27993
0.716304
0.913235
1.3029
0.717571
0.635198
1.25763
0.982111
0.986059
1.15893
0.952276
0.606452
1.1022
1.59163
0.808547
0.831363
0.868734
0.784718
1.01032
0.860039
1.05774
1.2597
0.907141
0.553249
1.24216
1.40525
0.915407
0.733821
0.957154
0.80464
1.00891
1.67458
0.673675
1.21307
0.70081
0.961426
0.9635
0.83611
0.851183
0.547142
1.01392
1.35594
1.50186
1.30161
1.12588
1.56354
0.661904
1.45141
0.776585
1.55707
1.35067
0.948458
1.00634
0.758328
1.26149
0.88311
1.00652
0.872123
1.13242
0.755103
0.684005
1.11796
0.916559
0.90034
0.854103
0.763977
1.02091
1.11687
1.83037
0.810145
0.792774
1.50582
0.703115
0.999233
1.14936
0.947703
0.806091
0.781218
0.759368
1.02011
0.854855
0.863327
1.12195
0.95167
1.3813
1.10999
1.42456
1.0671
1.16762
0.937605
0.936293
0.991431
1.04726
1.39793
1.05634
0.857382
0.832093
1.23889
0.684213
1.37179
0.670802
0.808197
1.44296
0.880416
0.744158
1.19345
0.722104
1.21841
1.13379
0.628308
0.776302
1.01433
0.791582
1.31635
0.87901
0.56873
1.66235
0.873655
0.962711
0.750584
1.37468
0.665332
1.31854
1.35614
1.08151
0.501439
0.950879
0.644201
0.75528
0.803578
1.00351
1.18459
0.535927
1.0382
0.700591
1.2202
1.07627
1.14669
0.784699
0.649866
1.22122
1.5284
0.708229
1.31871
1.47783
1.68626
1.26129
0.74256
1.26122
1.1088
1.63552
0.732315
0.874655
0.517482
1.58113
1.12438
1.07825
1.40031
1.12268
1.03591
1.03456
1.35834
0.760099
1.24593
0.994591
2.32517
0.898237
1.03161
0.617661
0.530388
0.666457
0.836869
1.05706
1.33503
0.714729
1.00405
1.04608
0.862154
0.943702
0.803222
1.12947
1.25974
1.36631
1.34262
1.15397
1.22222
1.0555
1.62429
0.987599
0.469925
1.22367
1.39611
0.625332
0.959487
0.989543
0.847987
1.09061
0.889317
1.40517
0.652347
0.87262
0.761959
1.14285
1.0255
0.693138
0.771744
1.58056
0.721787
0.863393
0.955939
1.7955
0.729602
1.61115
1.21999
0.368237
1.11846
0.849026
0.579835
2.06687
0.98458
1.55716
1.83112
0.467668
0.834762
1.00927
0.662391
0.521464
1.31177
0.568674
1.14554
0.758176
2.13767
0.80822
0.735861
0.769066
1.29633
0.840588
0.875316
0.620726
1.60277
0.93138
0.899509
1.23074
0.80021
0.706271
1.01954
1.2032
0.968315
1.29283
1.01416
1.06495
0.604685
1.11967
0.9773
0.868616
0.629975
0.38449
0.506851
0.853386
0.997807
1.10677
1.12677
1.20273
0.919179
0.865182
1.03396
0.790467
1.7235
1.17799
1.57639
1.27493
1.09284
0.932842
0.914375
0.870232
0.763793
0.983952
0.888591
1.06909
0.703452
0.744399
1.14651
1.21403
1.12013
1.07604
1.05565
1.16924
0.541503
0.918775
1.01623
0.734653
0.659109
1.58924
1.41296
0.917744
0.379279
0.897283
0.555306
1.48561
0.744598
1.14337
0.704667
1.18686
0.918397
1.44496
1.37466
1.61216
0.81697
1.34461
1.06113
0.831883
0.849833
1.09928
0.92366
0.840116
1.49234
1.4585
0.940156
1.46674
0.922023
0.716782
1.11049
0.758188
0.78851
0.941612
1.40526
0.832195
1.4439
0.771222
1.64072
1.28074
1.09553
1.03577
0.944677
1.20532
1.02849
0.403144
0.7061
0.567338
1.13946
0.566767
0.699949
1.05308
1.39877
1.68282
0.979846
0.877627
0.916388
0.940429
1.07652
1.03347
0.728378
0.768046
0.68238
0.593623
0.861147
0.854818
1.23346
0.829558
1.42931
0.823481
0.702453
1.56146
1.02201
1.01687
1.15841
0.927605
0.747741
1.2537
0.968266
0.80819
1.06343
1.08323
0.832156
1.79111
1.13378
1.28633
1.81132
1.22544
1.2633
0.869489
1.30036
0.771005
0.802051
0.514309
1.21333
1.07647
0.386252
1.09998
0.53384
0.91856
0.983859
1.02874
0.604358
0.717572
1.27088
0.738797
0.494801
0.781815
0.976853
0.720965
0.651131
0.779757
0.828805
1.03738
0.84282
0.98317
1.34944
0.852862
0.842753
0.728578
1.18375
0.910606
1.24934
0.834958
0.69062
1.19834
1.3173
0.860273
1.42069
0.650391
1.04118
0.484144
1.2129
0.731782
0.747479
0.893486
1.19224
0.542478
1.34949
0.824285
0.915411
0.986878
1.39333
0.416504
0.683425
0.83856
0.842734
0.890606
0.930016
1.00982
1.47509
1.24175
0.578897
0.989977
1.43857
0.846295
0.918788
0.694232
1.03654
0.770278
0.634137
0.866572
0.728862
1.02719
0.45813
1.33501
1.08166
0.893145
1.09433
1.04688
1.35205
0.720585
0.399542
0.962033
1.04517
1.36093
1.15603
0.895872
1.18477
1.1672
0.376277
0.670239
1.10034
0.972429
1.01438
0.695576
1.20733
1.19334
1.27716
0.803334
1.24804
1.11643
1.05158
0.713803
1.03243
1.1356
1.78409
0.710791
0.578521
1.166
0.951452
0.871462
0.991479
0.760279
0.858365
0.518864
0.77002
0.904319
0.802153
0.723709
0.696469
0.90966
1.16088
0.803062
1.20671
1.38299
0.462611
1.26268
0.844809
1.07786
1.28837
0.548412
0.771769
1.26368
0.905308
0.703709
0.45444
1.91475
0.973063
0.80636
0.704163
0.593162
0.869536
0.489388
0.479355
1.37758
0.702602
1.30952
1.55341
1.07392
1.14604
0.448515
1.38559
1.60688
0.59725
1.34024
0.612502
0.854154
0.833884
0.903677
1.25575
0.999929
1.57219
0.983493
1.29515
0.683937
1.07981
0.902937
0.553526
0.878425
1.48703
1.23903
0.53618
0.442966
0.908705
1.20055
0.913316
0.924578
1.22363
1.2457
0.871257
1.36558
0.314545
0.802841
1.19857
0.404708
0.621631
1.35987
0.802055
0.653438
1.60229
1.30376
0.830319
0.747086
1.43892
0.968927
0.784676
0.605163
0.91421
1.10783
1.28281
0.642965
0.835672
0.534602
0.957308
1.18419
1.19406
0.748135
1.09448
1.00056
1.05004
0.555473
1.10645
1.34013
1.67736
1.02441
1.00733
0.472052
1.18372
0.798208
1.83766
0.758401
0.843923
0.778919
1.1683
1.07722
0.529551
0.688658
1.2891
1.31053
1.21874
0.61099
1.24335
0.723664
0.789519
1.11981
0.929513
0.991406
0.582647
0.99555
0.38397
1.33847
1.28473
1.08674
1.27178
0.561525
0.63659
1.13308
0.95698
1.53633
0.887856
1.34244
1.28296
1.48751
1.347
0.830625
1.38028
1.16366
0.922982
0.841184
0.718457
0.995889
0.460804
1.29624
0.595892
0.60712
1.25806
2.04784
0.780215
0.684832
0.717973
0.939532
1.41113
1.3569
0.848628
1.32937
0.822406
0.492337
1.11873
0.980585
0.965943
0.83667
1.35539
0.846025
1.29804
0.880762
1.2499
1.26482
0.626618
0.916138
1.38641
1.25397
1.55005
1.03844
1.05019
1.26207
1.14536
0.931831
0.756116
0.7269
0.593632
1.65678
0.830202
0.886713
1.44632
0.650966
1.30836
1.51633
0.837613
0.935892
1.10163
1.32519
1.18001
0.757642
0.609343
1.00604
0.98773
1.43603
1.02062
1.08932
0.992885
0.43246
1.13195
0.825691
0.997309
0.800668
0.868689
1.2152
0.888178
0.952799
0.629182
1.71189
0.821528
1.12745
0.823312
1.06755
1.24054
0.964149
1.01883
1.18953
0.619659
0.588039
1.17101
0.793846
1.26978
1.13268
0.543212
1.09864
0.900728
0.795762
1.33743
0.504553
0.878127
0.717558
1.14657
0.649222
0.632943
0.802236
0.832126
0.749902
1.0197
1.02873
0.930905
1.65402
1.52544
0.680368
1.21907
0.976392
1.44036
1.06216
0.723811
1.08457
0.963244
1.30167
1.07318
1.15082
1.07205
1.99855
0.823181
0.882126
0.695032
1.17562
0.5689
1.12938
1.10081
0.987813
1.1176
1.09943
1.05126
1.31507
1.21932
1.19327
1.04365
0.802593
0.428984
0.462024
1.27611
0.880735
0.526238
0.702202
0.878311
0.974837
0.841345
0.475089
1.05043
1.25067
1.61666
0.854276
0.782118
0.799472
1.31401
0.824809
0.768816
0.820385
1.37082
0.94089
0.636893
0.819112
1.15071
1.00263
1.46535
0.972196
0.794823
0.952844
0.903885
1.01406
1.02318
0.607516
0.690174
1.20501
1.28351
1.41203
0.84128
0.620832
0.735292
1.14672
1.31304
0.855999
1.01796
0.918476
0.836953
1.33756
0.980003
0.831219
1.01504
1.44277
0.766639
1.56271
0.350266
1.25929
0.606956
1.61839
0.670631
0.762862
1.5906
1.06361
1.39404
0.489778
1.57568
1.0144
1.12703
1.27814
0.882244
0.523116
0.945463
1.38731
1.14184
0.92417
1.18935
1.0054
0.826018
0.937107
1.15887
0.970537
1.03741
0.731502
1.10143
0.858465
1.03146
1.14038
0.93877
0.883223
1.20132
0.963334
1.79271
0.78093
1.04947
0.602262
0.830577
1.22955
1.48155
0.944836
1.24415
0.857584
1.22403
0.882663
1.64341
0.732079
0.700647
0.365826
0.76389
0.747111
1.4356
1.07888
0.913373
1.6795
0.702571
1.01837
0.616911
0.867321
1.36763
0.329021
1.22781
1.71577
1.63322
1.33313
0.744066
0.869318
1.12254
0.670321
1.4103
0.817465
0.683583
0.749449
1.28486
1.83016
1.3914
1.28454
0.69391
1.10669
1.25739
1.03167
0.910209
1.42134
0.642174
1.23767
1.40893
0.96947
1.21833
1.85907
0.700901
1.61763
1.54971
1.27614
0.864551
0.840178
0.919437
1.23699
0.681268
1.45778
1.15186
0.901524
0.628287
1.02603
0.685092
0.526957
0.779214
1.2151
1.02598
1.15854
0.611816
0.907355
1.33429
1.55582
0.560727
1.02484
1.38117
0.811991
0.868975
0.797066
1.52764
1.72188
0.792043
1.2344
0.737801
1.39443
2.25828
0.989703
0.800397
0.637672
1.19504
1.10329
1.06953
0.845008
0.910294
1.0469
1.02441
1.17749
1.11386
0.912824
1.43694
1.08473
0.996686
1.179
1.24289
0.788259
1.14887
1.00474
1.17523
1.183
0.832379
1.02913
1.04908
1.70587
0.566281
0.681125
0.718673
1.19445
1.26057
0.742119
2.88324
0.726031
2.44832
0.849711
1.36223
0.775621
0.863549
1.17785
0.844453
0.783585
0.929975
1.20201
1.06941
0.501257
0.911846
0.603137
1.02123
1.22096
1.70784
0.859749
0.715089
0.954098
1.10038
0.654298
0.939314
1.43172
1.07447
0.782501
0.851182
1.12346
0.869646
2.02782
0.891787
0.858391
0.544817
1.1118
0.898032
0.974671
1.07161
1.16599
0.866554
0.778788
0.394232
1.7333
1.17041
1.07693
0.411692
1.10028
0.834934
0.697065
0.90041
1.3776
0.687128
1.20254
0.855723
0.74388
1.61978
1.10668
0.839497
1.1207
1.13198
0.73304
0.667996
0.828625
1.1246
1.46464
0.688624
1.33017
0.944346
0.691446
0.856381
0.721564
0.992873
0.93646
1.17586
0.895707
1.19306
0.777072
1.21503
1.33859
1.11851
0.807486
0.989776
0.775062
1.02096
0.718048
1.16791
1.36304
1.2969
0.805216
1.07195
0.790103
0.980686
0.690627
0.832418
0.893392
0.364685
1.07844
2.12159
0.646529
1.29114
1.06246
1.11299
0.971217
0.750925
0.504162
1.33863
0.891514
0.743723
0.512356
0.929982
0.918051
0.564266
0.864298
0.889098
0.644775
1.46162
1.11136
0.723057
1.09156
0.993727
0.772876
1.11476
0.862392
1.12935
0.697906
0.95427
1.02932
1.09566
1.24691
0.488332
1.22766
0.900697
0.975916
0.90765
1.2093
1.61398
0.898163
1.64316
1.31581
0.983908
1.40637
1.64521
0.966086
0.639007
1.06162
0.578744
1.31798
0.977813
1.20616
0.938291
0.929011
1.29571
0.99894
1.34198
0.991604
1.5596
0.951084
1.03534
1.07369
1.31395
0.669076
1.01321
0.832459
1.19793
1.32551
0.492685
0.898407
0.803364
0.652277
1.61242
1.05485
1.30386
0.964136
0.736472
0.916017
1.33496
1.34684
1.30537
1.4169
0.493942
0.856494
1.11869
1.22434
0.859622
0.749804
0.541724
1.35403
1.20284
0.962395
1.20804
0.695374
1.04825
0.876789
1.08628
1.21847
0.897785
1.28838
0.889996
0.567935
0.635043
0.598956
1.35421
0.587009
0.617773
1.24894
1.46627
1.13219
0.736829
1.065
1.54169
1.22291
1.49006
1.57229
0.898278
1.04088
1.31736
0.86904
1.10294
1.30022
0.984061
1.50684
0.851734
0.911907
1.00836
0.652716
1.19872
0.802689
0.731229
0.824233
0.838726
0.935708
0.59767
1.00839
1.21009
1.74361
0.885313
0.897869
0.681027
0.851129
0.902905
2.12448
0.541524
0.990436
1.4812
1.52294
0.741613
0.585108
1.35515
0.767003
1.04703
0.874482
1.25442
1.08468
0.77294
1.12199
1.33964
0.547401
1.30981
0.873101
0.717752
1.38533
1.00468
0.464219
0.775482
0.912315
1.24007
0.661673
1.06901
1.10816
1.27885
0.901555
0.933845
0.592631
0.733028
1.26872
1.265
1.214
0.684151
0.567563
0.581239
1.12749
1.04507
0.882863
1.05994
0.79934
1.02397
0.57006
0.839273
1.57035
0.826725
1.06132
0.788697
1.2413
0.815324
0.91899
0.896656
0.996914
0.946811
0.921042
1.35556
0.848501
0.837311
1.06556
0.771964
1.24164
1.03658
0.718886
2.27923
0.844758
0.831982
0.878481
0.738418
0.790627
1.43819
0.82976
0.981683
0.765665
0.753365
1.04977
1.34575
1.21439
1.29161
1.21377
1.38268
0.638583
0.765498
0.626275
1.03009
1.26178
0.68579
1.40061
0.967047
1.21788
1.12674
0.586246
1.00642
0.664623
0.559038
1.01384
0.972133
0.778842
1.7
0.757728
1.4497
0.842474
0.434685
1.21784
0.673711
0.686144
1.49571
1.35291
1.38678
0.794444
0.756799
0.869883
0.542349
0.670474
0.686942
1.17443
0.839209
1.30149
1.33349
0.7075
0.616225
1.33344
1.05878
0.926232
1.27076
0.986594
1.04095
0.724741
1.07055
0.466649
0.76797
0.614311
0.778218
0.586707
0.704216
0.707136
1.73327
1.25234
0.998723
1.57288
0.790411
0.919032
0.881077
1.08224
0.496091
1.7515
1.69628
0.687479
0.799929
1.36912
0.860986
1.06785
1.19944
0.975817
1.10157
1.49005
0.879601
0.941601
0.932677
0.696312
0.728712
1.64049
0.871764
0.959889
0.855315
0.94385
0.948874
1.27427
0.639125
0.938723
1.03736
1.27187
0.535067
1.01878
1.40656
1.41744
1.41045
0.891503
1.03868
0.593883
1.02308
0.838922
0.770634
1.10147
1.13772
0.688225
0.594533
0.62922
1.07051
0.705945
1.22559
1.19652
1.32011
1.05326
1.19801
1.51677
0.424718
1.1404
1.05574
1.05731
1.28274
1.08351
1.26272
0.82974
0.720117
0.771865
1.67033
1.35433
1.3988
1.36531
1.3936
1.05712
1.73036
0.487239
1.29277
1.57635
1.27993
0.874084
0.80836
0.85818
2.29706
1.41581
0.631806
0.820767
1.11932
0.686534
0.884948
0.928566
1.59929
1.40351
1.05972
0.985114
1.29076
0.764718
1.00412
1.08611
0.50906
0.780671
0.705792
1.08402
1.70342
1.455
0.615015
0.807156
1.345
0.720152
0.858793
0.78039
0.733851
0.743088
0.841447
1.07826
1.55539
1.14244
1.13609
0.796041
1.53413
1.45108
1.16894
1.08127
1.33207
0.851108
0.616558
0.934916
0.548427
0.914789
0.504603
1.2618
0.936636
1.11685
1.05034
1.05034
0.803219
1.48561
1.11802
0.767519
1.56594
1.24324
0.55894
1.40677
1.1849
1.00089
1.48714
1.01314
1.09202
0.663897
1.0508
0.623101
0.699607
0.98231
0.753608
0.844792
0.761677
0.781019
0.823717
1.26664
1.04521
1.22155
0.766149
1.67183
1.20051
1.42887
1.55288
1.12249
1.00633
1.31319
0.678845
0.560107
0.778857
1.02489
0.900463
0.467817
0.579504
0.661179
0.637468
1.24787
0.638768
2.59436
0.906641
1.14572
1.77474
0.811321
1.0344
1.4198
1.6771
0.875868
0.688218
0.860888
1.02089
0.42431
1.09807
0.765616
0.536065
1.31985
0.619315
1.68912
0.542036
0.637128
0.685884
0.87907
0.852472
1.0224
0.956545
0.884835
1.58998
0.460495
0.802183
1.03009
0.739732
1.1623
1.49285
0.838136
0.511867
0.727175
1.1494
1.10797
1.05835
0.822064
1.04827
0.894785
0.815118
0.77487
0.801443
1.46334
1.07935
1.02281
1.10349
1.02679
0.553418
0.901859
0.750985
0.668593
1.13773
1.10001
1.05709
1.04426
0.494557
1.0296
0.771347
1.26162
0.71349
0.630247
0.781075
1.12938
1.18351
0.958761
1.23226
1.29885
0.933592
0.854754
0.856494
0.608448
0.685356
1.1572
1.28889
1.41598
1.10093
1.59033
0.764605
1.39361
0.627041
0.936875
1.18944
1.17964
0.484065
1.11952
1.62426
0.694881
0.793131
0.693108
1.13296
0.497733
0.774916
1.01274
0.721054
1.11074
1.15861
0.768849
0.695673
0.639645
1.17268
1.76384
0.292051
0.44247
1.4256
1.04455
1.05345
1.39759
0.937281
1.11897
0.635182
1.35246
0.848552
0.793169
0.478436
1.27524
1.0598
0.818093
0.612638
0.879998
0.83436
0.894725
1.32078
0.660831
0.783856
1.0762
1.61314
1.42448
0.661463
0.492293
1.25463
0.864972
0.849925
0.967728
1.49116
1.22073
1.41375
1.23682
0.838389
1.28444
1.48654
1.07868
1.00991
1.24114
1.3054
0.97043
0.562914
0.724198
1.44421
1.15239
0.554894
1.49962
0.929671
0.686488
0.935104
1.30194
0.750219
1.41682
1.05854
1.26018
0.825006
0.508393
0.86064
0.860444
1.2362
0.720321
1.84074
0.910357
0.876217
0.980629
0.888416
0.701075
1.75378
0.827133
0.600724
0.497996
0.965581
0.824446
0.720836
0.982251
1.19554
0.896184
0.93581
0.34265
0.98728
0.360499
0.665035
2.02542
0.927083
1.08095
1.25367
0.920323
0.825877
1.26294
1.54048
0.94871
1.37089
1.02649
1.58128
1.82382
0.756709
1.17216
0.573669
1.14888
0.740504
1.04947
0.804902
0.843597
0.629193
0.482677
1.24567
1.15471
1.62347
0.750295
0.728223
0.278881
0.877423
0.456936
0.895578
0.781839
0.970156
0.912174
1.75863
0.940315
0.857782
1.04949
1.0791
1.41284
0.672796
1.11452
0.757429
1.14862
1.715
1.47457
0.908456
0.750986
1.3513
0.472837
1.37687
0.694108
0.977887
1.4169
0.994617
1.22099
1.0806
1.02544
1.13761
1.75565
1.19352
0.769838
1.20641
1.14624
0.796734
0.852928
0.58666
0.480218
1.02201
0.522299
0.564802
0.716091
1.20453
1.12806
0.833455
0.680498
1.20247
1.19302
0.889311
1.38526
1.61558
0.674266
0.840352
1.0923
1.05083
1.43132
0.827525
0.903081
1.0056
0.569427
1.17566
0.662625
1.10932
0.921332
0.831359
0.751052
1.37095
1.38923
0.899431
0.792493
0.678431
1.97177
0.784511
0.988363
2.44856
1.06842
0.925152
1.04875
1.11829
0.509769
0.966987
1.39883
1.00133
1.08968
0.821417
1.56713
1.21419
0.758294
0.955665
0.959171
1.40635
1.02782
0.694677
1.69986
1.05346
0.487742
1.03268
1.06098
1.38038
0.851055
2.23627
1.10445
0.941629
1.04758
1.40708
1.24064
1.07519
0.516892
0.723785
1.21819
0.915231
1.13795
0.863842
0.755032
1.37857
1.16377
1.08685
0.569152
0.811455
1.37873
0.639186
0.921168
1.39669
0.418911
1.35005
0.888408
0.958862
1.11224
1.06406
1.46721
0.569149
0.639825
0.879679
1.48033
1.13309
0.732783
1.1451
1.13041
0.391124
1.0724
1.19516
1.02882
0.619613
1.31859
0.754836
1.63467
1.26398
0.604756
0.865756
0.954736
1.09325
0.602313
0.993812
1.09779
0.701483
1.21822
0.831947
1.33691
0.745918
1.26547
0.655244
1.27626
1.1789
1.1317
0.981593
1.30578
1.32469
1.47868
1.13916
0.858558
0.835833
0.771144
0.658551
1.14864
0.574834
0.539332
1.26455
2.22634
1.48373
1.28181
0.76673
0.780126
0.791539
0.941904
1.06599
1.18001
1.41602
1.28504
1.18657
0.701258
1.64762
0.599885
1.08834
0.582787
0.87128
0.850563
0.700629
0.680407
1.5902
0.673481
0.906959
0.720634
1.41347
1.28965
1.0812
1.6497
0.78441
1.24106
1.42454
0.946475
0.671381
0.844915
1.33117
1.51042
1.38017
1.36237
0.936745
0.991254
1.2517
1.0511
1.17584
0.956867
1.2532
1.27194
1.61332
1.182
1.32046
1.56655
0.787843
1.48659
0.957438
0.444629
1.02429
0.718172
0.404363
1.39655
0.742325
1.12509
1.44385
0.489264
1.25187
0.718494
0.457945
0.991778
0.628547
1.09921
1.06523
0.760728
0.958377
0.636218
0.683326
1.09969
0.615236
0.935703
1.2734
1.0301
0.615368
0.87662
1.31526
0.871296
0.597809
0.912465
0.598827
0.890438
0.960917
0.77542
1.23017
0.55773
1.05629
1.60617
1.0069
1.31655
0.812573
1.01063
1.13269
0.996641
2.18137
0.628699
0.888709
0.94419
1.37784
0.953244
1.04769
0.863746
0.794534
1.03721
0.385203
1.33908
0.575912
1.24619
1.24062
1.25305
0.833378
1.11553
0.747288
1.18736
1.44348
1.29155
1.26493
0.770197
1.06901
1.2063
0.823026
1.01152
1.06895
1.10569
1.19539
0.774168
1.47069
0.910798
0.56737
0.949494
0.93525
1.28881
1.79026
0.766947
1.08265
1.17946
0.826293
0.627096
1.62433
0.762478
0.748844
0.697071
1.57614
1.90811
0.853807
1.42561
1.55603
0.377229
0.795001
1.40261
1.45242
0.823231
0.84616
0.487676
0.969845
1.03522
1.06266
1.70222
1.3821
0.804669
0.826497
0.63955
0.678441
1.04861
0.660741
1.11545
0.70701
0.501924
1.42582
1.21517
1.54642
0.896172
0.908196
1.54596
0.586017
1.19166
1.36333
0.994321
1.31047
0.664507
0.855839
0.518199
1.07335
1.32153
0.741946
1.52624
0.364628
1.2393
0.865886
1.21183
1.41766
1.06772
0.936889
0.668355
1.6665
1.25534
1.1406
1.20783
0.964024
1.84249
1.15493
1.0062
1.63635
0.83101
1.69057
0.970994
0.88112
1.45626
0.675251
1.04731
0.504217
1.0422
1.04139
1.12518
1.12154
1.00378
1.70906
0.897003
1.42081
1.9728
1.28896
0.564813
1.39663
0.662208
1.08612
0.493735
1.23791
0.61701
0.540654
0.99385
0.559331
0.914685
1.21902
1.02259
0.80067
0.690211
1.0617
0.46143
1.06327
0.475572
1.05132
0.808563
0.473096
1.2475
1.62687
0.868269
1.28138
0.807218
1.32129
0.512339
0.880313
0.749658
0.644779
0.873418
1.31854
0.724071
0.551274
0.551819
1.18463
0.410363
0.781285
0.816862
1.11621
1.35876
1.00648
1.12553
0.856445
0.910046
0.590272
0.570117
1.12972
0.856591
1.31995
0.80108
0.954486
1.2234
1.22477
1.27378
0.871873
0.603761
0.94042
1.06696
1.21395
1.18847
0.667819
0.91585
1.27505
1.14396
0.850302
0.85812
1.2948
1.40204
1.47592
1.69541
1.1265
0.737719
0.48258
1.07275
1.07717
1.27414
0.623075
1.27538
0.867539
0.66443
1.16233
0.449161
0.510104
0.909982
0.867772
1.71259
0.566255
1.58338
0.714787
1.16977
0.923617
0.72577
0.447849
0.670058
0.989196
0.856749
1.28317
1.65532
1.32493
0.928912
0.97423
0.888826
0.656495
1.54836
0.851029
0.87193
0.770657
0.838622
0.652554
1.05829
0.922962
1.19478
0.483746
0.813789
0.746062
0.43148
0.74719
1.04978
1.64854
1.41792
0.934358
0.719884
1.42455
0.934678
1.07446
0.996323
0.594951
1.06009
1.31118
1.06408
0.37294
0.933788
1.05437
1.26736
0.893355
1.14041
1.20965
1.38183
1.99589
0.369373
1.15168
1.22107
1.22523
1.28546
0.724937
0.839425
0.897891
0.843265
0.851047
0.857572
1.01968
0.940327
1.15691
1.43723
1.03343
1.28557
0.972205
1.80666
0.56173
0.996133
0.87077
0.762565
1.09608
1.31538
1.17744
1.33759
0.72921
0.84948
1.17209
0.85946
1.17813
0.553028
1.48337
0.660573
1.1758
1.2162
0.835146
1.78357
0.832771
1.07011
1.29221
0.635644
1.24575
0.840772
0.671964
1.33848
1.08527
1.72569
1.2285
0.402303
0.964719
1.02501
1.26108
0.824715
0.584976
0.837413
0.718977
0.772148
0.918534
0.71829
1.58093
1.51394
1.07589
0.805564
0.917796
1.13722
0.517257
1.15956
0.824199
0.646829
1.33753
0.852507
1.22388
0.836529
0.725173
1.2003
0.787311
0.856665
0.680721
0.453811
0.878448
0.650373
0.727038
0.528675
0.964714
1.34821
0.432436
0.8353
1.31797
0.774153
1.05274
0.769071
0.641275
1.30743
1.08696
0.874687
1.23114
0.861911
0.915101
1.49238
1.51622
0.65978
1.15836
1.33374
0.879635
1.1855
0.85334
0.423537
1.06967
1.11565
1.25977
0.750018
0.887209
1.12403
1.19988
0.767333
0.944025
1.48591
0.960928
1.61444
0.893755
1.19035
0.945172
0.689189
1.13822
0.897637
0.458318
1.10686
0.596753
0.874252
0.705386
1.09127
1.45492
1.09745
0.944929
0.681251
0.594261
1.34203
1.221
0.903524
0.54169
1.23511
0.349649
0.814386
1.41331
1.17701
0.487341
1.61555
0.841102
0.822905
0.477958
0.68892
1.15989
1.04877
0.947854
1.77367
0.907987
1.33373
1.25557
1.68633
0.760894
0.672877
0.940613
1.86889
0.65181
0.814507
1.47054
0.784301
1.0083
1.07909
0.825016
1.00671
0.627495
1.18103
1.22339
0.815212
0.923035
1.03052
0.776279
0.962412
0.836607
0.867511
1.0621
1.31559
1.10935
0.809765
1.39369
1.03653
1.3857
0.943487
1.55153
1.127
0.831053
0.64283
1.09941
1.15996
0.708856
0.522059
1.59735
0.480865
0.865012
0.78703
0.732775
0.647901
1.62836
1.56451
1.34485
1.62071
1.24066
0.877105
0.756818
1.61862
1.58278
1.42733
1.16346
1.34976
1.47266
0.635271
0.759268
0.735304
0.835853
0.734154
1.23103
0.498746
1.26328
1.16669
0.882882
0.931218
0.856943
0.801159
0.903675
1.29892
1.02857
1.38733
0.947815
1.45257
1.03146
0.926283
0.984458
1.13431
1.47156
1.35278
0.642017
1.06182
1.41053
0.763591
1.36247
1.11232
1.01216
0.499294
1.50728
1.16176
0.743233
0.780948
0.591733
0.773541
0.637806
0.957276
1.64471
1.33628
0.916089
1.10114
1.33118
0.485338
0.961227
1.15986
0.899589
0.713289
1.45733
1.50847
1.04389
0.720377
1.04908
0.887819
1.2405
0.662807
0.732011
1.43578
1.05214
1.39925
0.924179
1.36593
1.1653
0.609948
1.08482
0.984341
0.915418
0.61618
0.863398
0.969714
1.59519
0.602865
0.980835
0.702522
1.70756
0.774119
0.855728
0.841601
0.624939
0.975517
1.4611
1.23779
1.43977
1.23779
1.19192
1.15257
0.611961
0.652977
0.733386
1.1924
0.844725
1.04737
0.864855
1.22868
1.00223
0.988042
1.22679
1.28441
1.60371
0.986567
0.792795
0.878879
0.864719
1.42323
0.631541
0.793002
1.24414
1.10463
1.21488
0.562967
0.657737
0.777706
1.06728
1.22595
1.18176
0.783863
0.844438
1.08415
0.856525
0.999361
0.656444
0.836608
1.48919
1.68158
0.670217
0.49895
1.21609
1.04684
1.10584
1.23107
0.828792
1.2928
0.542756
1.08171
0.668485
0.734856
0.691615
1.55024
0.901928
1.08315
0.746139
1.1609
1.23881
0.8441
1.06403
0.713827
0.652742
1.41538
0.728214
1.23601
0.912661
0.993165
1.41654
1.32721
0.715089
1.11039
1.04036
0.601328
1.29727
0.939991
1.40763
1.06249
1.60537
1.09799
0.791017
0.927753
0.796479
0.632959
0.932789
1.02709
0.755738
0.872082
0.600198
0.815015
0.553737
0.729984
0.681673
0.42685
1.4908
1.19838
0.942752
2.21274
1.42506
1.23778
0.780969
0.698747
1.082
1.08943
0.913777
0.884764
1.27333
0.82731
0.824031
0.75107
1.1291
0.593124
1.48661
0.609969
1.15078
0.834465
0.939443
1.30838
1.08783
0.931086
0.589921
1.00006
0.743648
1.0706
0.889683
1.07986
0.94594
0.658159
1.07127
1.02684
0.743624
1.07894
1.11056
0.66584
0.823935
0.483329
1.01672
0.945703
1.2306
1.08842
1.33099
0.723807
0.953512
0.497983
0.700344
1.02923
0.736362
0.741362
1.55136
1.32306
0.712697
0.901566
0.816372
0.646696
0.65991
0.756333
0.967577
0.766757
1.12194
0.876167
0.952765
1.12872
1.07092
0.659115
1.24625
0.835133
0.604829
0.601184
0.872307
1.04561
1.09708
0.704617
1.30233
1.32426
1.08691
1.2541
1.20766
1.45909
0.897696
0.740242
0.551012
0.799996
1.16954
1.06457
0.593353
1.01899
0.709801
0.840161
1.28134
0.657605
1.89464
1.37989
1.10013
0.754477
0.817722
0.847514
0.683603
0.883141
1.10691
1.61992
1.01756
0.999612
1.25749
0.564466
1.06176
1.45603
1.25966
1.03006
1.33046
0.864076
1.15925
1.94153
1.0424
1.06803
1.7359
0.805081
0.927824
0.9952
1.32583
1.32968
0.85519
0.562888
1.24183
1.67603
1.26761
0.598835
1.4258
0.51679
1.18454
0.864093
0.797321
1.26138
1.26691
0.849614
0.96369
0.950251
0.488649
0.687054
1.21421
1.14752
1.26138
0.834045
1.18041
0.85938
1.11672
0.703059
0.942337
1.18301
1.18787
1.15313
0.807553
0.703068
0.446974
1.37861
0.893029
1.51329
1.17141
0.816525
1.04978
1.04859
0.866339
0.882996
0.884727
1.02806
1.29626
0.857625
0.693214
0.892792
1.95287
1.55909
0.76483
0.827241
1.03173
1.08125
1.13515
1.09558
0.999066
1.19857
1.61171
0.823935
0.971491
0.66413
1.47084
1.4917
0.997237
1.63338
0.90107
1.1324
0.529425
0.809925
0.834495
1.06586
0.80734
0.906317
1.13797
1.30226
1.55006
1.1559
0.352998
0.854429
0.988211
0.733982
0.694364
0.67155
1.18096
1.35811
0.589546
1.41569
1.15463
0.602363
1.61651
0.509859
0.955909
0.958289
1.49271
0.817025
1.36424
1.0608
0.775222
1.16606
1.58392
1.84896
0.584453
1.57175
0.712768
1.06466
0.818952
0.889215
0.679656
1.47233
0.778922
1.19143
1.06478
0.70481
1.55004
0.884324
0.254253
1.51202
1.23251
0.616683
0.926474
1.8314
0.950838
0.929686
0.673532
0.881035
1.17301
1.02511
0.78076
1.69036
0.80944
0.884569
1.25862
0.910875
0.657027
1.58468
0.833864
0.561953
0.825171
1.59504
0.878559
0.74906
0.836331
0.602174
0.755488
1.63032
0.976428
0.781595
1.241
1.17698
1.12372
0.758776
2.00359
1.41457
0.538386
0.794876
0.699112
0.895175
0.868628
1.21929
0.983779
0.780749
0.711159
1.1147
1.36095
0.731297
0.929429
1.05178
1.14506
1.4429
0.801088
0.755855
0.684509
0.635631
1.11331
1.04721
0.552783
0.793104
1.03057
0.649323
0.927024
0.757884
1.64252
0.780908
0.996505
0.545609
1.11294
0.528982
0.915263
0.700328
1.02504
0.955191
0.521959
1.15377
1.23183
1.43208
1.05056
1.45626
0.914749
0.76635
0.821382
1.01376
0.841981
0.919257
0.850123
1.08938
1.48957
0.651982
1.00696
0.338705
0.713458
0.893952
0.81714
0.808449
1.34913
1.12473
0.850034
0.91377
1.17565
1.38079
0.587965
0.695366
0.663578
0.728339
0.692307
0.988868
1.39709
1.15814
1.33445
1.05246
0.645559
0.703945
0.887005
1.04115
1.61956
0.630913
0.896434
1.23687
1.67532
0.725417
0.810182
0.857398
1.41176
0.892424
0.578501
0.686533
1.358
0.52878
0.98065
1.59703
1.58744
0.896874
0.766513
1.51438
1.06651
0.565546
1.13481
1.20818
0.617061
1.53354
0.544645
1.38484
0.969034
0.736894
1.14197
1.22803
0.959123
1.08984
0.820232
0.996394
0.776964
0.658886
1.37675
0.733029
0.495252
0.880416
0.725485
0.388545
1.09243
1.20716
0.893495
1.43642
1.0719
0.505908
1.25914
0.585564
0.614797
1.00692
1.51834
0.968449
0.737321
1.2122
0.819388
1.0148
0.844149
1.22922
1.21097
1.17842
0.70671
0.530929
0.596104
0.702518
0.712288
1.04136
0.929302
0.972659
0.789205
1.14544
1.5527
1.41284
1.50223
1.06158
1.23746
1.79196
0.801797
1.33578
1.60867
0.769233
0.623765
0.806618
0.498216
0.620921
0.920951
0.913689
0.84616
0.499471
0.608069
0.721677
1.17604
0.80632
1.05254
1.18806
1.34156
0.728305
1.04875
1.61202
1.04589
0.423584
0.633075
0.98171
0.887792
0.801998
0.829778
1.53015
1.44361
0.821807
0.879317
0.865685
0.863421
1.32346
1.03705
0.679243
0.978377
1.14574
1.03158
1.44681
1.14618
0.633001
0.790433
0.998305
0.759986
0.718072
1.57949
0.531734
1.15457
0.68285
0.694003
0.562561
0.683394
0.923275
0.562934
0.711095
1.89781
1.22237
1.33495
1.03298
1.35745
1.34564
1.25314
0.859302
0.862003
0.982954
1.55055
1.41208
0.605019
1.05707
1.68371
0.988889
0.752893
0.722366
1.12767
0.683144
0.815226
1.07541
1.11067
0.73579
1.08818
1.10635
0.636382
1.1334
1.0872
1.05363
0.753973
0.842962
0.581377
1.42937
0.849503
0.813068
0.597968
0.98068
1.6331
0.782073
0.67434
0.983511
0.924802
1.0211
0.816692
1.71627
0.873387
0.789569
1.02755
0.792308
1.20712
1.4293
0.481281
1.2859
0.765553
1.32458
0.612499
1.24102
0.598583
0.730371
0.612495
0.832548
0.921565
1.65305
0.847856
0.585178
0.903777
1.29115
1.09806
1.01379
0.821173
0.864645
0.87684
0.777552
1.16558
1.00779
1.14358
0.821972
0.980104
1.03069
1.34379
0.826285
0.84182
0.769537
0.870224
1.03473
1.72336
1.2087
0.705399
1.27749
0.849315
0.829839
1.06126
0.999938
0.692425
0.979725
1.13355
1.5361
1.11655
0.957807
1.59094
1.29111
1.03496
1.18162
0.968095
0.937831
0.544811
0.995484
0.747515
1.21114
0.63799
1.30983
1.53071
1.09496
0.866195
0.673421
0.827025
1.00817
1.4481
0.856202
1.27071
0.509145
1.53433
0.610114
0.814528
0.628214
0.894553
0.430975
1.19137
0.745961
0.948503
0.897585
1.24535
1.12935
1.43474
1.2102
1.06942
0.96652
1.07951
0.885324
0.868643
0.916291
1.0017
1.09899
0.932264
1.01213
1.12473
1.20072
1.04635
0.863997
0.716522
0.780684
0.460211
1.41112
1.32211
1.15017
0.701489
1.20171
0.827735
0.763517
0.527058
0.934178
1.30962
0.608118
1.35082
1.11488
1.29559
0.907527
0.681894
0.503614
0.968617
1.18005
1.31081
0.658622
1.03274
1.33565
1.85796
1.09921
1.16663
0.755956
1.32198
0.488858
0.670344
0.626107
0.897927
0.422105
1.46439
0.797003
1.24143
0.735231
1.29377
0.585936
1.36353
1.30123
0.788855
1.76058
0.70669
1.42465
1.52977
1.00986
0.778305
1.21717
0.728037
1.13733
0.98963
0.6301
0.793833
0.522681
1.38275
1.41853
1.01877
1.14986
1.14013
1.43267
1.53675
0.620924
1.37431
0.68858
0.405818
0.989092
0.855243
0.976445
1.07767
1.13055
0.938892
0.716931
0.803281
0.556629
0.804736
0.651647
0.919452
0.664993
1.59786
1.15188
0.731816
0.860984
0.859959
0.518889
1.45305
1.18424
0.624481
0.786921
0.64347
1.28484
0.485457
0.64769
0.57795
0.844653
0.565255
0.702157
1.05655
1.21171
0.811688
0.820538
0.629497
0.681907
0.72378
0.797757
0.847585
0.838427
0.936002
0.970076
1.44458
0.907232
1.27401
1.34864
0.857947
0.753795
0.661013
0.801878
0.59956
1.2149
1.28318
0.752245
0.776062
1.0314
0.550902
0.989483
0.773262
1.31457
1.5941
1.0851
1.14188
1.15556
1.54645
1.53112
0.528134
2.18519
0.447608
0.655385
0.792313
0.982371
0.869887
1.23557
0.99875
1.60669
1.05894
1.29082
1.44821
0.900278
0.720931
0.934243
0.751262
0.987471
1.00439
1.42628
1.26635
0.869473
1.10063
0.959231
1.37055
0.826661
0.55393
0.557962
1.0642
0.760262
0.495915
0.805947
1.08564
1.16021
1.0228
0.955981
0.411725
0.97628
0.88737
0.819018
0.963383
1.74918
0.884785
0.770074
1.20244
1.21002
0.895514
0.594047
1.17956
1.31566
1.10371
0.767518
1.0178
0.86834
0.853227
1.14024
0.825099
1.32125
1.0114
0.900908
0.998745
0.630723
0.663496
0.588866
1.29995
0.939851
0.724505
0.653467
0.820837
0.436053
1.24709
0.948447
0.582281
1.13665
0.842762
1.28669
1.22045
1.01496
1.25891
1.3861
1.07069
1.66402
0.942664
0.808172
0.979345
1.1174
0.848304
0.968643
0.52289
1.37119
1.22608
1.20863
0.77831
0.915698
1.21854
1.2706
0.746071
0.80622
0.895787
1.35813
0.733774
0.944716
1.00379
1.21377
1.64051
1.11645
0.726129
0.888013
1.19908
1.22387
0.913232
1.22376
1.13429
0.582777
1.17038
0.775701
1.79051
1.10468
1.19067
1.37476
1.21342
0.703082
1.284
0.559537
0.340828
1.44261
0.794155
0.906768
1.27945
0.657841
1.20322
1.10771
1.13394
1.34942
0.78194
0.845628
0.843484
1.4384
1.08727
1.62855
0.860923
1.53493
0.710091
0.839706
1.07393
1.0095
0.903229
1.70891
0.584597
1.02286
1.05592
0.703658
1.60224
0.991272
0.800904
0.795241
1.13679
0.785416
0.669808
1.41641
0.417806
0.794968
0.7062
1.06516
1.52153
1.36687
0.888853
1.28112
0.941999
1.15596
1.15253
0.90449
1.40892
0.779594
0.962345
0.812958
0.753959
1.29739
1.13214
1.16394
0.856471
0.847929
0.986113
1.07229
0.900158
1.26842
0.74782
0.73916
0.807702
0.991239
0.983789
1.11438
0.791912
0.705326
1.21492
0.680844
1.24066
0.824992
0.714425
1.35517
1.62584
0.645643
1.7555
1.6546
0.997484
1.1262
0.973702
1.82378
1.24402
1.29108
0.3863
1.36919
1.76553
1.08546
1.44694
0.648129
1.01052
1.17148
0.508189
1.57931
0.841953
1.26395
1.07084
0.743116
1.26118
1.33959
0.972112
0.994732
1.04442
0.937582
0.757416
1.13766
1.32115
0.76364
0.441014
1.2394
1.11537
0.628575
1.00778
0.686251
0.649437
1.55063
1.02587
0.912167
0.72041
1.6211
0.834917
0.576199
1.2568
0.554711
0.899339
1.30145
1.19559
0.681288
0.939342
0.920496
0.725854
0.586923
1.0255
0.782657
0.939858
0.880775
1.16857
0.901384
1.44254
0.945456
1.01839
0.928896
0.80073
0.808259
0.525695
0.534004
1.34981
0.879901
0.778511
0.838544
1.15374
1.11357
0.659523
0.973534
1.25983
1.3801
1.92883
0.791372
1.15847
1.41897
1.44813
1.40286
0.663687
1.32714
0.889239
1.13762
1.50272
0.748094
0.619061
1.22672
0.925347
0.462329
0.941232
0.885965
1.47983
0.501939
0.922461
1.55025
1.65889
1.72378
1.07651
1.39833
1.10388
1.17323
0.890749
1.13049
0.688548
0.770124
1.66756
0.831304
0.926904
1.37379
1.19733
0.718811
0.963883
1.24843
0.499632
1.5998
1.19514
1.77934
1.21005
1.04569
1.45363
0.988843
0.806806
1.09823
0.500345
0.745634
0.920236
1.36611
1.01763
0.628443
1.14876
1.01478
0.703439
0.774002
1.5203
0.854209
0.571183
1.0378
0.896342
1.00734
1.51341
1.15953
0.989408
0.916797
1.07036
0.659204
1.09785
0.881024
0.763525
1.04121
0.629379
0.528175
1.18285
1.14376
0.802818
0.928725
0.679244
0.649116
0.675023
1.06332
0.779136
1.01323
0.644801
1.32689
1.03818
0.954771
1.34527
0.903219
0.941637
1.01055
0.445011
1.33465
1.05424
0.625297
0.509477
0.876312
0.837957
0.899049
1.13996
1.22445
1.08166
0.639868
0.874878
1.23497
1.39751
0.596166
1.45678
1.76815
0.966834
0.877055
1.61722
1.04201
1.15577
0.678927
0.794746
0.6075
0.468649
0.44318
0.843877
0.823381
0.881747
1.34516
0.978774
0.511019
1.33022
0.832423
0.78778
0.5891
0.859438
1.23916
1.16566
1.06566
0.586379
1.36189
1.46338
0.89287
1.17609
1.44425
0.502946
0.837663
0.893131
0.74251
1.13789
0.928655
1.6008
1.24908
1.01108
1.34549
0.822078
0.577031
1.09666
1.37633
1.18093
0.7069
1.37975
1.11623
1.00098
1.03642
1.40282
0.840371
1.62732
0.56134
0.575833
0.899007
0.760793
0.737048
1.22037
0.904956
0.521517
1.03934
0.67779
0.840199
0.611463
1.27122
0.692247
0.74986
0.901546
0.546068
1.23255
0.702061
0.919706
0.587663
1.34353
0.525261
0.334558
0.68018
1.04885
0.7601
1.06986
1.08311
1.23592
1.3586
1.39327
2.06955
1.20676
0.895233
0.816654
1.19494
0.853148
0.750552
0.86755
0.735922
1.1394
0.547236
1.066
1.09696
1.0426
0.769979
0.755964
1.07703
1.14082
0.971124
1.12213
1.1224
0.928246
0.754853
1.0586
1.01023
0.790896
1.06297
0.875821
1.26987
1.35416
0.791807
0.782609
0.92791
0.700417
0.943762
0.750554
1.07279
0.697103
0.925701
0.854419
1.12727
0.790491
0.693802
1.01521
0.558145
0.728935
0.930198
0.48648
0.944857
1.21134
1.0437
1.39024
0.712584
1.59079
0.642539
1.08551
1.02603
1.25776
0.673928
0.977233
1.22242
0.665998
1.67892
1.13671
1.39598
0.666257
0.97709
0.940198
0.989561
1.42133
1.02601
1.03562
1.0591
0.588393
1.03808
0.779456
1.32025
1.46988
1.5409
1.54145
0.902406
1.06948
1.13887
1.34585
1.04221
0.835452
0.666985
1.49771
1.05608
0.694852
0.476117
1.11512
1.18
1.3509
0.745861
1.0133
1.46697
1.64911
0.776711
1.47489
0.883234
1.67416
1.49446
0.77133
0.970967
0.637044
1.53872
1.36069
0.60067
0.89292
1.20506
1.02781
1.43085
1.19675
0.844798
0.905474
1.21324
1.35097
0.767246
1.09777
0.676302
0.784383
0.723074
0.871344
0.92081
0.577956
0.755537
1.14079
1.00952
1.09958
1.18631
0.748143
0.725212
1.07773
0.646387
0.831497
0.80174
1.17535
0.656655
1.38927
1.17153
0.72483
0.875483
0.752382
0.58946
0.839289
0.890334
1.69379
0.841694
0.716905
0.74197
1.28995
0.708827
0.870781
1.57313
0.975271
1.01272
1.50451
0.947526
0.800794
1.63355
1.16853
0.811313
0.750581
1.18808
0.523764
1.32043
1.58209
0.668309
0.560391
1.02095
0.867647
1.13995
0.908448
0.807001
0.937633
0.810824
0.785422
0.538831
0.671628
0.995649
1.61547
0.653346
1.4517
1.34139
0.940393
1.07132
1.39002
0.913472
0.426246
1.10815
1.4341
1.15071
1.15
1.9293
1.32665
1.39983
0.956479
0.873035
0.767972
1.3788
1.10249
0.84213
0.889372
1.20861
0.516949
1.61938
0.97023
0.873268
1.56823
0.482676
0.627675
0.58066
1.15779
0.856881
1.34891
1.01893
0.673446
0.792238
1.24464
0.956757
1.07058
1.29719
0.505882
0.783498
1.11136
0.977143
1.30326
1.05398
0.872333
0.933911
0.714509
0.769106
1.15221
0.759898
0.392194
0.776668
0.791471
0.872539
1.17084
0.610751
0.566772
1.84047
0.586032
1.25903
0.671208
1.57381
0.752698
0.922581
1.15773
1.28568
0.950142
1.03142
0.916042
0.909476
0.719176
0.878091
1.45373
1.26537
0.635634
1.09512
0.897086
0.629386
0.984432
0.828596
0.837028
0.831022
0.630392
1.00876
0.98492
0.889539
1.07901
0.995431
0.812956
0.914852
0.698104
0.68519
1.2706
1.43986
1.88399
1.51578
1.01697
1.43458
1.54852
1.10864
0.772697
0.591718
1.13953
0.603354
1.00461
1.30629
1.19485
1.27875
1.19436
1.01065
1.50677
0.998757
1.23712
1.55426
0.773445
0.945061
0.870119
0.828719
0.826171
0.772955
1.16687
1.01544
0.987389
0.338258
0.914431
0.78718
1.05427
1.22741
1.15848
0.83486
1.50997
0.400292
0.534457
0.807067
1.79439
0.807904
0.961297
0.657875
0.648533
1.25719
1.09046
0.874257
0.555192
1.79176
0.998329
0.657967
1.33344
0.932204
0.804113
0.680993
0.838071
1.50865
1.26741
1.74754
0.862192
0.736547
1.56414
0.424727
0.942589
0.668068
0.99382
0.682177
0.940163
0.816111
1.23544
0.742403
0.398847
0.734775
1.45253
0.98613
0.431294
0.953919
1.37357
0.532411
0.625293
0.804251
1.19628
0.97454
1.92429
0.986234
0.777176
0.951214
1.18457
1.27123
1.52285
0.798007
1.16804
0.620478
1.14229
1.62546
1.0896
0.716343
0.903659
1.54276
0.396655
0.744485
0.847371
0.994952
0.549302
1.25555
1.12314
0.781421
0.788465
0.883992
1.0703
1.06405
1.1439
1.00243
0.96636
0.396146
1.38687
1.02522
0.829877
0.876275
0.908926
1.2176
1.11128
0.757704
1.09952
0.980038
0.977862
1.21726
1.31254
0.656366
0.679206
0.395774
0.7663
0.596218
0.866122
1.11791
0.936748
0.480012
1.08602
1.12217
0.506254
1.00967
0.802999
1.03022
1.23076
1.11039
1.00611
1.5198
1.32424
1.05288
1.0777
0.763678
1.41496
0.904875
0.685673
1.24827
0.970733
1.04
0.715103
0.971758
0.817036
1.02762
0.964497
0.858661
0.846427
0.768635
1.0554
1.10014
0.924317
1.16599
0.997843
0.77131
1.27017
0.802731
0.954594
0.978631
1.33594
1.3659
1.47692
0.850105
0.64283
1.22204
1.23963
2.08499
0.899215
1.17101
1.14444
1.18579
0.589736
0.771407
1.28802
0.884757
0.62912
1.20177
0.849225
0.962509
0.975405
1.37795
1.49973
1.33652
0.618796
0.829995
1.10398
0.994843
0.811084
1.12138
1.10203
1.05068
1.51311
1.2044
0.452474
0.765366
1.08721
1.11995
1.43399
1.16487
1.10486
0.704282
1.05222
0.861436
0.557549
1.04712
0.898569
1.25219
0.931631
0.510849
1.20264
0.740519
0.965403
1.44113
0.683566
1.14028
1.05643
0.927658
0.35929
0.739915
0.643185
0.74736
0.654138
1.33687
0.633283
1.20186
1.13216
0.834678
0.746404
0.677167
0.513024
0.261401
0.971087
1.14829
0.783169
1.37544
0.585469
0.989333
1.01167
1.49175
1.51013
1.53736
0.566177
1.2032
0.938201
0.683742
1.06179
0.786065
1.10641
0.806185
0.892182
1.11614
0.598827
1.00057
0.888607
0.929378
0.647862
0.737832
1.18038
1.04376
0.805398
1.43529
0.794926
1.10177
1.08778
1.06278
1.27524
1.08494
0.871748
0.690657
0.633274
1.2045
1.13803
0.870265
1.35984
0.782413
1.29098
1.25116
1.13678
0.856897
0.899946
1.55466
1.03906
0.504348
1.55503
1.02105
1.19765
0.819409
2.03536
1.16557
1.22851
0.78061
0.900272
0.931012
1.20617
0.932861
0.410316
0.903735
0.863824
1.09251
0.962382
1.14528
1.78816
0.786309
0.896657
1.73547
0.788489
0.722497
0.708474
1.02827
0.745417
0.800594
1.36471
0.968376
1.02913
1.24926
0.769129
0.711886
0.807362
1.28978
0.665666
0.835083
1.36783
0.825324
1.35421
0.826354
1.21493
0.970129
0.7747
0.872477
1.43136
0.69962
0.689917
1.46136
0.279444
0.702771
1.62115
0.495719
1.2527
0.829493
1.53033
0.828496
0.836383
1.45745
0.842525
1.20078
0.42646
1.17862
1.30964
1.32175
0.648473
0.427333
1.09024
0.818593
1.05995
0.526937
1.66509
0.545615
0.987711
0.857095
0.707439
0.84003
0.807555
1.29352
1.19022
0.692745
1.11277
0.53515
0.605769
0.984527
1.10639
1.49139
0.812995
1.17317
1.01965
0.741132
1.01687
0.857261
1.46229
0.836699
1.165
0.769019
0.414646
1.02769
0.914146
0.853503
1.18744
0.910082
0.87476
1.43915
0.994976
0.594079
1.60497
0.994649
0.93163
0.95926
1.09202
1.10196
1.32254
1.16086
1.90073
0.907435
0.497839
0.85803
0.807059
0.759074
0.561128
0.70002
0.287068
0.906098
0.919402
0.895161
1.17701
0.56157
1.51851
1.16328
1.50725
0.858304
0.913865
0.942561
0.853019
1.31093
0.51215
0.847635
0.945778
0.830109
1.27044
1.49328
1.41296
0.973748
0.533955
0.823359
1.11671
1.38149
0.887985
0.490163
1.03754
0.58235
1.12217
1.13134
1.09256
0.82357
1.05073
0.876721
0.853846
1.17678
0.852162
0.481346
0.8688
1.12295
2.05672
0.916684
0.816
1.27042
0.482984
0.941283
1.20166
0.766881
0.704352
0.888338
0.831905
1.0674
0.945646
1.38058
0.687686
1.02594
1.01018
0.888901
0.631903
0.879788
0.824963
1.51775
0.843333
0.783331
0.593005
1.17843
0.759059
0.540162
0.528697
1.27417
0.995717
1.1116
1.00032
1.03092
0.966394
0.509232
0.770796
1.17703
1.57093
0.911958
0.728696
0.578615
0.993319
0.515387
1.5433
0.895325
0.994124
1.28624
1.70102
1.09435
1.26233
0.990987
0.699572
0.653117
1.95984
0.768727
1.0553
0.982649
1.26878
1.19768
0.513788
1.03395
0.578818
0.850002
1.01998
0.96779
0.627012
1.28353
1.25823
0.873101
1.24385
0.702116
0.994422
0.923599
0.632197
0.94087
0.652833
1.28024
0.98913
1.18503
0.998203
0.957264
0.650753
1.24561
1.28699
0.527684
1.35106
1.06703
0.760755
0.535092
0.89839
0.630852
0.980269
1.17188
0.827709
1.06798
1.16163
0.958836
0.551626
1.32972
0.85145
1.28866
0.740018
0.609263
1.0286
1.00409
1.04739
0.978122
1.00045
0.626747
1.36423
0.778497
1.20687
1.18053
1.00562
1.07425
0.820564
0.837088
0.577756
1.79299
0.930188
0.949743
0.595627
0.580418
0.790869
0.747721
0.89601
1.03116
1.05179
1.32044
0.746414
1.31614
1.18552
1.10962
0.857423
1.26315
1.91086
0.77192
1.23664
1.31426
1.23526
0.746251
0.957286
1.15747
0.85884
1.21707
1.07422
1.16416
1.16163
1.09233
0.797073
1.19298
0.710956
1.08635
0.83146
1.09707
1.2283
1.14118
0.812879
0.802987
0.808291
1.26475
1.53492
0.635477
1.25104
1.33328
1.05605
1.20799
1.60254
0.679372
0.66667
0.756518
0.926509
1.09778
1.60208
0.800053
0.692498
1.30727
0.952979
1.75573
0.87156
0.612422
0.55958
0.433246
0.59998
1.64134
1.04638
0.921008
1.2895
1.27651
1.39596
0.728517
0.87675
0.646053
0.988383
0.940861
1.37142
1.37535
0.836054
1.58208
0.981133
0.741043
1.32035
0.724428
0.902264
1.11131
1.16543
0.601664
0.959358
0.541301
1.66989
1.21877
1.1221
0.687368
1.30484
1.33254
1.49111
0.937399
1.50871
1.16573
0.708513
1.14216
0.705247
1.40262
0.733566
0.844259
1.21284
1.14437
1.25566
0.492501
1.21413
0.707516
1.19117
1.08008
1.64564
0.425901
1.00212
1.10831
1.3445
1.30305
0.489953
0.884659
0.606721
0.633677
0.898887
0.977073
0.817963
0.606982
0.823807
0.935397
0.91717
0.873497
1.09571
1.02933
0.841261
0.462888
0.570121
1.2462
0.719152
0.958201
0.885238
1.23387
0.819439
1.25892
0.968525
0.983949
1.18864
0.801122
1.13902
1.7421
1.04153
0.848628
0.788161
1.04681
0.947429
1.24447
1.08681
1.21972
0.550581
0.860538
1.17156
0.959794
0.720421
0.554779
0.800712
0.991569
0.973155
1.20851
0.854316
0.99315
1.07255
1.4015
1.35992
0.511196
1.34305
0.891585
0.756621
1.40207
0.962733
0.468158
1.10435
0.864613
0.809732
0.868305
0.911483
1.27349
1.25944
0.907125
0.800512
0.893571
0.965352
1.71777
1.08899
0.895814
0.89744
0.606311
0.728932
0.970994
0.826434
1.33743
0.914467
0.855426
1.68444
0.828869
1.20685
1.53813
0.706421
1.02398
0.670287
1.14415
0.730834
0.892056
0.819391
0.783481
0.989385
0.76576
0.554505
0.917399
1.30933
1.11772
0.977078
1.20542
0.863822
0.682707
1.09222
1.65503
0.74056
0.991607
1.22707
0.653936
0.536056
1.02603
0.942586
1.43777
1.24376
0.860803
0.990135
0.810946
0.764694
0.672933
0.544831
0.752673
0.659277
0.508232
0.863071
1.0358
1.33655
0.521816
0.74249
1.4084
0.579149
0.668484
0.997435
1.96359
0.943068
1.02449
1.74701
1.24125
0.541962
1.33184
0.529851
0.608754
1.37751
0.55178
0.263866
0.847767
0.905601
1.45966
1.01183
0.537212
1.61459
0.899458
1.46116
0.901017
0.496947
0.659978
1.38744
0.949607
0.978532
1.60446
1.37389
1.22103
0.808096
1.43317
1.31006
1.37559
0.841083
0.821005
0.752564
1.38081
1.19258
1.22798
0.946454
0.626946
1.34646
0.83964
0.619152
0.774451
1.48565
0.949511
0.894038
1.11232
1.07876
1.06598
0.530457
1.52037
1.4212
1.68032
0.898133
0.669616
1.13804
0.73929
1.38491
0.63387
1.21357
1.39864
0.504164
0.976697
1.0237
0.969114
1.11875
1.42307
0.622978
1.03483
1.6215
1.18179
0.955643
0.825527
1.4334
0.94346
0.349353
0.791938
1.14527
0.829607
1.45982
1.76454
0.616858
0.989783
0.668179
0.893651
1.32032
0.986146
1.35456
0.766713
1.34037
1.01456
1.28907
0.757306
0.529958
0.863801
1.32607
1.56486
1.23013
0.558963
0.841884
0.762792
1.09588
1.15696
0.637407
1.80474
0.560416
1.11505
1.23077
1.26359
1.17522
0.828616
1.12703
1.32983
1.23326
0.869397
1.29278
0.48197
0.511255
0.592378
0.689901
1.38209
1.25408
0.986728
0.907282
0.64933
1.00325
1.65389
0.702109
0.565652
1.01209
0.920864
1.33214
1.31342
1.43943
1.01792
1.35448
0.781181
0.884292
1.0856
0.813317
0.893166
1.30877
0.873676
0.783441
1.00106
0.678711
1.34457
0.941271
0.730879
1.12918
0.720103
1.05083
0.46734
1.14472
0.779314
1.79393
0.738892
1.26859
1.17358
0.751488
1.11939
1.54907
0.902191
1.51814
0.714203
0.669437
1.34378
1.06552
0.865109
0.600349
1.0953
0.782982
0.833005
0.925353
0.853393
0.834619
1.0004
0.719335
0.963621
0.625899
1.2333
0.77132
0.964953
0.899594
1.04462
0.795511
0.65422
0.851498
1.13206
1.01181
0.483211
0.890845
0.969814
1.07487
0.895684
0.756038
0.766126
1.16833
1.76348
0.82814
0.997759
0.729744
0.774177
1.00885
0.696129
1.26791
0.820281
0.499806
0.797612
1.06019
0.5407
0.75549
0.946075
1.12258
0.931292
1.46544
0.529525
1.01974
0.989048
0.766807
0.930157
1.99777
1.22254
0.551191
1.06811
0.639807
0.754456
1.37095
0.550188
1.02202
1.03781
0.824414
0.761788
1.36123
0.745675
1.07725
0.736386
0.804481
0.589227
1.01541
0.388544
1.31934
0.528643
0.575899
1.29482
0.864144
1.17779
1.0948
0.848725
0.844185
1.34372
1.07026
0.993777
0.799121
0.916626
1.72479
0.842127
2.08143
1.10889
0.954953
0.753966
1.48378
0.791719
1.21902
1.0112
0.665523
0.658665
0.96082
0.795786
1.02872
1.45724
0.618782
1.47775
0.793303
0.936511
0.810949
0.749706
0.91092
0.763836
1.2454
0.851452
2.12625
1.10875
1.08769
1.10398
1.77943
1.45482
1.01664
0.946984
0.982291
0.723121
0.942913
0.786286
0.675233
0.785724
1.31855
1.03394
0.788093
0.914406
1.25062
0.945079
1.53375
0.480931
0.557181
1.14204
0.686158
0.828399
0.903549
1.03238
0.981975
0.978291
0.930184
1.33533
0.897735
0.937541
1.0836
0.984107
0.507622
0.700406
0.950983
0.517423
0.933806
0.902975
0.812462
0.74237
0.958465
1.6658
1.93909
1.23896
0.488711
1.43472
0.682066
1.38779
1.19252
1.57223
0.756846
1.21791
0.85676
0.850925
0.993993
0.995689
1.19489
1.05554
0.984766
1.56004
1.16998
1.08428
0.987631
0.890415
0.69313
0.657681
1.12989
0.795022
0.583639
0.568824
1.32071
0.896398
0.836057
0.988583
1.30208
0.960325
1.35038
1.05176
2.10529
0.832404
1.38908
0.835778
0.669241
0.965918
0.414241
1.02953
0.596056
1.17964
0.616522
1.44658
1.7296
1.24539
0.80916
1.54545
0.843958
0.864592
0.990048
1.58389
1.07543
0.650204
0.85904
0.960638
0.805594
0.970247
0.821554
0.871954
1.4073
0.766348
1.30257
0.659577
0.798185
0.936894
0.582299
0.862232
0.879069
1.12603
0.774973
1.27887
0.952385
0.864433
0.853779
0.311075
0.970005
0.861902
1.06053
0.800267
1.30828
0.39942
0.892158
1.34006
1.02618
0.976571
0.834235
0.908697
0.968666
1.07561
0.923132
0.86559
1.29687
1.2576
1.24849
1.03569
1.40526
0.878748
0.434847
0.701669
0.916201
0.750246
1.32852
0.938234
0.806423
0.899203
0.84008
0.609208
1.22739
0.692369
1.11979
1.79674
0.376149
1.02704
1.0824
1.0622
0.601577
0.880507
0.652786
1.36939
0.703091
0.624386
1.22401
0.741441
0.581225
1.12911
0.558374
1.2531
0.911397
0.58271
0.959883
0.994992
0.998645
0.61531
0.841779
0.861931
1.32098
0.645546
1.46426
0.542896
1.05529
0.72669
0.756619
1.01407
1.09882
1.24984
1.11068
0.883402
0.721315
0.996717
0.891723
0.572641
1.5525
1.80873
0.952303
0.614737
0.789458
0.606546
1.31814
1.32727
0.931014
1.04208
1.0067
1.20594
0.953005
0.622036
0.600895
1.13069
1.43151
1.75996
0.820505
1.42338
0.548838
1.09055
1.82295
0.978198
0.637288
1.03008
0.901663
0.701367
0.756997
1.67355
0.82588
1.49509
1.17783
0.928292
0.5345
1.11534
1.23291
0.680288
1.32082
0.781708
1.48062
0.89327
0.836599
0.77823
0.825446
1.30282
0.927972
0.976422
1.16819
0.792242
0.632945
0.79597
1.22597
1.40898
1.11393
1.26551
0.933579
1.12902
1.39442
1.24215
0.985311
1.01331
0.955174
0.906721
0.826461
0.973785
1.24821
1.15378
0.725295
2.00339
1.18449
0.782427
1.08696
1.06904
0.853686
1.1073
0.527564
0.892283
1.21439
1.09389
1.17283
1.74034
0.541598
0.759301
0.881906
0.79827
0.711786
1.22255
0.64546
0.735461
1.30001
1.12544
0.916067
0.808734
1.21831
1.14455
0.919396
1.65095
0.587622
0.773133
0.845677
0.836982
1.18004
1.0105
0.596974
0.904731
0.811641
1.37414
0.601449
0.608128
0.997255
0.954661
0.619569
1.28739
1.41931
1.28273
0.403465
1.14993
1.73373
0.833454
0.985977
1.75514
1.17418
0.90018
1.44097
0.777514
1.32165
0.989558
0.924196
1.1292
0.662633
0.860045
0.745836
1.38542
0.595189
0.733361
1.15366
0.91689
1.18797
1.08541
0.888723
0.750087
0.740867
0.811537
0.615766
0.721622
1.28774
0.852503
1.0495
1.2086
1.21385
0.48819
1.15604
1.17098
0.73047
0.985597
0.856537
0.75125
0.777041
0.980193
0.950351
1.34598
1.44503
1.15497
0.860189
0.575017
1.28307
0.982546
1.47276
1.19178
0.898713
0.84494
0.475465
0.635498
0.592996
1.3468
0.894488
1.07197
0.578786
1.1754
0.628676
1.1476
1.31003
0.748804
0.749245
0.352025
1.06904
1.35328
1.00266
0.627255
1.05203
1.00029
0.543364
0.648424
0.767683
0.405841
0.58386
1.05628
0.814963
0.701962
1.77343
0.779843
1.26178
0.422842
1.01904
1.14998
1.55665
1.79467
1.09184
0.823665
0.499049
1.39428
1.42633
1.1279
0.743583
0.969887
0.466104
0.667553
1.74974
0.74317
1.50797
0.927537
1.21855
0.551986
0.887658
1.21718
1.10663
1.20161
1.34173
0.876634
1.03792
1.38105
0.956721
1.61893
0.887075
0.514783
0.66731
1.32586
0.915493
1.17055
1.71381
1.03778
0.182362
1.32539
0.422173
1.50387
0.854083
1.26545
0.822022
0.599524
0.592687
0.649536
0.874247
1.18243
0.907248
0.664627
1.07919
1.2333
1.14081
0.596322
0.834251
1.13326
0.859265
0.975012
0.835602
1.10641
1.14113
1.37126
1.30151
1.24184
0.588693
1.02773
0.481794
1.34603
0.573259
0.651559
0.994962
1.06752
0.940468
0.487331
0.548493
1.2893
0.758158
0.851509
0.833632
0.872511
0.834023
1.14046
0.548385
1.5139
0.582774
1.21503
0.858836
0.904517
1.30006
1.49178
0.964277
1.23876
1.06399
1.12001
0.688581
0.866228
1.26156
0.763051
1.27035
1.47348
1.21321
1.04919
0.433422
1.71555
0.943476
0.754721
1.57392
1.43162
0.820197
0.547325
1.08248
0.955941
1.18382
0.625497
0.768933
1.21219
1.50204
0.808801
0.400279
0.703237
0.910076
1.43585
0.948081
1.36555
0.880592
0.482365
0.571501
1.4673
0.713213
0.667088
0.527815
0.553031
1.67056
0.908468
0.637079
0.81898
1.65088
0.707804
1.1403
0.488052
0.987732
0.683586
0.942383
1.35354
0.647142
1.44697
0.986899
0.620374
1.07549
0.502682
0.685366
0.485299
0.949396
0.801438
0.991464
0.942136
0.43116
1.2106
0.746811
1.42339
0.857507
0.613384
1.67269
1.09898
1.10189
1.17446
0.466005
0.791095
1.54555
0.838645
0.81609
0.95753
1.04216
1.07566
1.29765
0.733614
1.09143
0.644948
1.09959
1.31431
0.715234
0.920426
0.935469
0.834288
0.826234
1.07412
1.08082
0.70477
1.0075
1.41605
0.774109
0.883708
1.44046
0.780365
0.927454
1.00674
1.31954
1.35598
0.689778
1.26903
0.726883
0.943718
1.22811
1.51367
0.577576
1.64245
1.85285
0.661579
0.68562
0.660666
1.23437
0.960703
1.1232
0.769405
1.10611
0.943934
1.44716
1.26174
1.69793
0.882806
1.13501
1.47277
1.80912
0.790393
1.08144
1.14399
0.781197
1.27007
0.645996
0.407917
0.303036
0.746862
1.21917
2.02672
0.563704
0.982074
1.09715
1.27575
0.864655
0.411417
1.53612
0.279089
1.24071
0.893932
0.711942
0.678646
0.915049
0.409665
0.84226
1.2161
0.980773
1.3519
1.74216
0.404605
0.780472
0.852468
0.86288
1.28279
1.35686
1.49707
0.934836
1.29733
0.689048
1.02948
1.02958
1.14826
0.89369
0.97504
1.47798
1.42537
1.29639
1.26138
0.939563
1.18218
0.646855
0.508777
0.795224
0.777639
1.5412
0.744613
0.879805
1.29515
0.730127
0.823968
0.900375
0.805366
0.786455
0.45573
1.00147
0.99304
0.544503
0.767342
1.20126
0.963716
0.781455
0.543985
0.775249
1.28407
1.15581
1.06797
0.775316
1.16908
1.00762
0.875328
0.946411
1.11888
0.967471
0.921203
1.00383
0.963729
0.880454
1.00927
1.10871
1.02396
0.823371
1.00399
0.821495
2.22757
1.0909
1.02313
1.09676
0.685376
0.774598
1.2369
0.802018
0.849247
1.22188
1.01537
1.23124
0.825236
0.979173
0.412418
0.711861
2.1273
1.28489
0.848496
0.716359
0.851452
1.0741
0.851723
0.710705
0.667273
1.0456
1.36076
0.546454
1.15171
1.0594
0.671072
1.17454
0.829647
0.775342
1.7288
0.656606
1.12214
0.84625
0.58574
0.797913
0.474599
0.653529
0.936514
0.548834
1.50925
1.09504
0.757423
1.51252
0.246236
0.922735
1.48395
1.00546
1.30137
0.905968
1.29523
0.469649
1.04513
1.29674
1.72921
0.975464
1.44474
1.26688
0.467037
0.7104
0.50219
1.12291
0.550408
0.97188
1.74746
0.847017
0.745962
1.02291
0.649285
2.06783
1.0163
0.90622
1.30694
1.21398
0.746418
1.11954
0.836063
0.686704
0.656466
0.923844
0.85796
1.18147
1.21798
1.5044
1.26656
1.22378
1.1918
1.15039
1.10983
1.06059
0.822247
1.53333
1.16296
0.636643
1.27066
1.65315
0.670215
0.792634
0.922116
1.70784
1.18808
0.7834
0.488468
0.840483
0.840989
0.838648
0.936503
0.979916
0.739272
0.900279
1.0136
1.25611
1.22811
1.308
1.15937
0.726273
0.594863
1.16681
0.758577
0.640088
1.1298
0.959111
0.793333
1.26202
0.501062
0.855979
1.06469
0.723548
1.42526
1.18692
1.17542
0.893081
0.885921
1.22252
1.12572
1.60926
0.6475
0.856558
0.759604
1.13665
0.715975
0.506393
0.565587
1.52862
1.14659
1.3934
0.643946
1.00835
1.13448
1.19016
0.596705
0.943123
1.52749
0.96011
1.03798
1.7719
0.865616
1.23247
0.75413
0.859229
0.957636
1.05822
0.447794
1.04385
0.965266
1.40567
1.07996
1.24101
1.97399
1.2738
1.6423
0.802567
0.916843
0.912075
0.932939
0.404198
1.72449
0.72881
0.668057
1.12113
0.730621
1.35248
1.52138
0.735912
0.707808
1.21607
1.2451
1.23639
0.723048
0.896631
1.27118
1.03528
1.27456
1.2918
0.657489
1.20511
0.763802
0.753818
0.950315
0.771213
0.914664
1.17031
1.38512
1.03077
1.60815
1.56502
1.05823
0.843642
0.82948
1.34578
0.567752
0.603018
0.647914
0.52791
1.09868
1.40157
1.22788
1.30454
2.17274
0.753043
1.04
1.29119
1.07025
0.887656
0.805229
0.463533
0.884127
1.7368
1.51624
1.6437
0.679159
0.785011
1.20233
0.499262
0.543793
0.793141
0.645629
0.723695
0.839802
1.16062
0.60046
1.23961
1.44224
0.661544
1.00063
0.546536
0.604156
1.23058
0.902505
1.27126
1.80367
1.53367
0.810925
0.917813
1.06957
1.21452
1.0858
1.09771
1.03161
0.949152
1.54821
0.852789
0.9795
1.60921
1.03687
0.914267
0.736614
1.05125
0.810551
0.820237
0.370993
1.10854
1.07892
0.773784
0.6245
1.18223
0.796548
0.803425
1.02563
1.34064
1.36481
1.238
1.14501
2.24372
0.833177
1.00438
0.83925
0.866876
0.902066
0.987328
0.747832
0.80681
1.03771
1.09532
0.665465
0.89336
0.905939
0.725265
0.484126
0.661125
1.06175
0.775557
0.383197
1.03645
1.21632
0.900605
0.926883
0.996058
0.933709
1.27355
0.867578
1.03331
0.841319
1.16733
0.622222
1.2481
0.864943
1.25299
1.00146
1.03119
1.15623
0.921736
1.01589
1.1056
1.22458
0.888089
0.879396
0.499783
0.726798
0.864558
0.877583
1.19939
1.52383
1.05454
1.27089
0.476291
1.04633
1.58278
1.25087
1.01697
0.813198
1.01925
0.581708
0.73916
0.663529
1.69503
0.534406
2.09109
1.19337
0.742848
1.2025
0.992428
0.950376
1.60523
0.659925
0.775717
1.35066
0.955264
0.812239
0.694761
1.16616
0.730012
1.43124
0.531144
0.723121
0.927852
0.456985
1.43211
0.828548
0.996207
1.0607
1.02647
0.786549
1.20972
1.75773
0.761719
0.932749
1.06543
0.475986
0.649905
0.916012
0.930509
0.982266
0.877891
0.566317
0.838785
0.934426
0.932621
0.892521
0.891155
0.631952
0.981143
0.809105
1.15636
0.665285
1.0729
0.619163
0.990874
1.14803
1.00079
1.53394
1.00063
1.14961
0.669555
1.3678
1.60441
0.908383
0.377995
1.04632
0.489801
0.982762
1.55035
0.783258
0.794184
1.03446
0.803572
1.44097
0.91461
1.19857
1.17629
0.979905
0.772754
1.19692
1.14236
1.38443
0.862073
1.40625
0.871207
1.13676
0.863875
1.14687
1.09633
0.970155
0.975768
0.382451
0.791849
0.841454
1.4195
0.695643
1.00225
0.914871
2.60854
1.17222
0.903437
0.902763
1.30909
1.66943
1.18482
0.549814
0.542451
1.04384
1.38131
0.855759
1.07486
1.36024
0.885672
0.93764
1.01977
1.55394
1.20209
0.544649
1.44143
0.829396
1.35173
1.06477
1.42
0.583333
0.715318
1.70509
1.01845
0.986898
0.871693
0.753541
0.872646
0.775823
1.16455
1.47601
0.936206
0.854809
0.808774
0.856439
1.62732
1.50126
0.86421
0.793618
1.10893
0.914475
0.65501
0.624932
0.72276
0.649135
1.28488
0.697018
0.657673
0.939183
0.658309
0.720688
1.47367
1.07023
1.04484
1.10091
1.50273
0.824087
1.10545
0.642451
0.575933
0.998988
1.5034
1.15188
0.902647
1.04498
0.611568
0.968504
0.989453
1.09775
0.805129
0.900062
1.17984
0.814802
1.15271
1.0574
1.27097
1.36943
0.612006
0.969422
0.59531
0.725625
1.14898
1.28577
1.72767
0.970977
0.834127
0.940816
0.747689
0.706004
1.91122
0.659451
0.838722
0.919112
0.986342
0.767005
0.576082
0.624783
0.61451
0.917983
1.15587
0.815015
0.686331
1.81977
0.943241
0.521609
1.22283
0.813793
0.71485
1.79622
1.31191
0.573705
1.0784
1.18789
1.52513
1.08847
1.19052
0.433666
0.761973
0.730483
1.13939
0.888034
0.943902
1.08037
1.31343
1.03269
0.98003
0.938124
0.718067
1.19878
0.617887
0.778589
0.809626
0.44984
0.732532
0.88502
1.1094
0.714743
1.15636
0.44954
0.932985
0.979376
1.41361
0.833877
0.641999
1.13833
1.09404
1.42692
1.06976
1.34889
0.562895
1.35052
0.705576
1.29402
0.743409
0.546111
0.900599
1.33015
1.47205
0.552124
0.425942
0.648913
0.746446
1.04303
2.04719
0.772247
0.769861
1.14406
0.86321
1.09794
1.13949
1.0441
1.68745
1.13713
0.723904
0.840983
1.02923
0.464858
1.42973
1.00346
0.537609
1.26148
2.35142
1.18827
0.891115
1.29849
0.459657
1.12467
0.86159
0.924191
0.760663
0.825038
1.18771
1.39382
1.70782
0.993588
0.267574
1.56756
0.58606
1.17415
0.721701
0.771672
0.862295
0.631417
0.970786
1.00495
0.993605
0.63691
1.83209
0.8605
0.8025
1.207
0.731968
0.475286
1.08796
1.12268
1.14231
1.04911
0.91074
0.525877
0.823661
0.802518
0.490257
1.11929
0.671132
0.618634
1.03255
1.05051
0.921689
0.69561
1.00935
1.24005
1.13238
1.16623
1.61612
0.883365
0.982818
1.01167
1.06017
0.439935
0.688595
1.22691
0.623493
1.04325
0.530112
0.696282
1.17762
1.03282
0.899488
1.21623
1.46691
1.65845
0.575996
1.38663
0.633284
0.679352
0.788949
1.46177
1.06937
0.881756
1.31246
1.03754
0.914504
0.828765
0.706214
1.03799
0.840366
1.43823
0.595503
1.05909
0.913841
2.16107
0.60809
1.15211
0.661469
1.0197
0.940243
0.963733
0.921622
0.842329
1.08569
1.10831
1.4207
1.61553
0.735292
1.70575
0.780494
1.57474
0.644011
1.85198
1.30009
1.12369
1.06466
0.765434
1.45076
0.865385
1.62412
0.639883
0.810064
1.68271
0.731798
1.31027
1.10706
1.28267
1.01602
0.759241
1.00038
0.907723
1.28117
0.798894
0.438337
1.1585
0.906664
1.31806
1.24976
0.624684
0.990222
1.22048
0.804585
1.68346
1.40436
0.796948
1.62754
1.35241
0.674552
0.792449
1.00265
1.37166
1.44257
0.779602
0.457507
0.59236
0.869028
0.784954
1.09948
0.692963
0.970997
1.12374
0.688691
0.700833
0.527668
0.858967
1.12291
0.67007
0.982274
0.955369
1.18027
0.875183
1.28035
1.14717
1.00622
0.984979
0.839912
0.620424
0.871428
0.558729
1.62075
1.00911
0.809188
0.640749
1.4557
1.94252
0.974554
1.06162
1.08996
0.90937
1.06244
0.937777
1.29082
1.3577
1.2619
0.663407
1.07277
0.720129
0.819397
0.732427
0.838872
1.04683
1.6598
1.00439
1.16018
0.818837
1.18201
0.746684
0.730199
0.657661
1.38143
0.829961
0.809363
0.720059
0.762823
0.970499
0.973099
1.09047
1.16952
1.1904
0.938851
0.794571
0.971153
0.856389
0.533268
0.472756
1.72067
1.3533
0.989042
0.953311
0.938517
1.15861
0.622405
0.581683
1.74406
1.31398
1.08449
1.02977
0.993981
0.876231
1.01287
1.20945
0.68971
1.10661
1.14845
1.3776
0.850234
1.3703
0.573219
0.982123
0.807754
1.57894
0.737517
1.06675
1.45504
0.914567
0.535228
0.602043
0.714748
0.686682
0.95317
1.19922
1.39516
1.0307
1.76397
0.573536
0.508677
1.39659
0.757454
0.943187
0.966926
0.556278
0.983834
0.68181
0.665183
1.26419
0.691693
0.988579
1.18656
0.745896
1.19266
0.933698
0.950765
1.44931
0.486803
1.76784
1.2126
1.18805
1.49037
0.817004
0.509713
0.529199
1.04179
0.910535
1.14389
0.568684
1.03919
1.3734
1.15888
0.57933
1.06705
0.997675
1.27846
1.39061
1.08695
1.13959
0.565107
1.15263
0.903944
0.745572
0.958402
0.748661
1.09892
1.02035
1.3233
1.16764
1.57417
0.648146
0.992009
0.775902
1.12608
1.52329
0.937238
0.704919
0.905266
0.799076
0.897773
1.12285
1.05629
1.49894
1.05647
0.794914
1.25232
0.882348
1.91137
0.627966
0.887541
0.617703
1.23544
0.700475
0.970612
1.31157
1.5965
0.886634
0.663842
1.5533
1.42066
1.82442
0.917196
1.61767
1.1663
0.795375
1.10802
1.00376
1.23511
1.38095
1.38751
1.35809
0.944485
1.00504
1.26916
1.55878
1.21978
0.289269
1.08579
1.34099
0.6733
0.78708
1.0085
1.23839
1.65331
0.588585
0.735092
0.926685
1.23434
0.94795
1.66122
0.839705
0.877843
1.1326
1.31798
0.445983
0.758718
0.86781
0.890335
0.930146
1.2115
1.01841
1.09273
0.757867
0.885137
0.414564
0.928485
0.66484
0.56291
1.64832
0.758838
0.831915
1.28003
0.57456
1.22006
0.41884
0.957338
0.808635
1.01381
1.12198
0.804487
0.823988
1.15542
0.948936
0.648491
0.452913
1.34378
1.18098
0.71231
1.01149
1.51235
1.02651
0.731031
1.4012
1.22186
1.49486
1.19427
1.02162
1.03387
0.734817
0.977052
1.24098
1.27531
0.776511
0.549976
0.841275
0.557022
0.782667
1.02407
0.984624
1.25366
0.930203
1.44588
0.94746
0.603251
0.952475
0.87945
0.883185
0.667713
1.27913
1.11459
1.06801
0.636829
1.10877
0.958377
1.43922
1.046
0.526526
1.10047
0.718433
1.02976
1.06765
0.93611
0.368374
1.29241
1.38112
1.19269
0.71169
1.43757
1.1681
0.835304
0.834225
0.533398
1.02321
0.962438
0.804888
1.24987
1.26622
0.881007
1.52582
2.06565
0.854293
1.09469
1.02454
0.750439
0.669274
1.28435
1.57999
0.505832
0.950376
0.724149
0.457091
0.863556
0.555652
1.08053
1.33447
1.00388
1.72671
1.18745
0.8542
1.14471
0.612678
1.02313
0.795648
1.39783
0.72512
0.693098
1.04863
1.121
0.680261
0.706757
0.593895
1.04786
0.903741
0.874072
1.12355
1.15066
0.998244
1.39907
0.561092
0.478917
1.02126
0.319824
1.22181
0.88536
0.88658
1.96273
0.946454
0.657136
1.59162
0.770165
1.2733
0.925911
1.52099
1.16167
1.1005
0.973908
1.1121
1.30434
2.20316
0.546145
0.50169
0.948403
1.05405
1.11039
0.663614
1.27909
1.14212
0.762745
0.721295
0.875942
1.23424
0.94725
0.771893
0.666503
0.33983
0.731738
1.16928
0.704607
1.62006
1.02106
0.892961
1.20891
1.47634
0.914765
0.935787
1.6033
1.16247
1.18036
1.02448
0.835252
0.685438
0.751589
1.13488
1.08405
1.1451
1.09106
0.463655
1.14935
0.7064
0.824743
1.03156
1.27068
1.14942
0.455019
1.05751
1.39778
1.05348
0.746716
0.668984
0.411019
0.629442
1.44354
0.904209
0.778659
0.807607
0.600309
0.757547
0.704001
0.825827
1.23126
1.14902
1.10677
0.761534
0.938532
0.782532
0.861865
1.05039
1.0748
0.54501
1.24368
1.33052
1.10959
0.693862
1.31281
1.13285
0.925077
1.15738
1.07292
1.55148
0.509744
0.96673
0.385457
1.09216
0.826018
1.00621
0.756156
1.40257
1.20209
0.85836
1.2083
0.723521
1.1712
0.469557
1.66779
0.351686
1.15468
0.781147
0.434766
1.07913
1.41291
0.701229
1.08911
0.554261
0.849393
1.13051
0.56383
0.736132
0.799088
1.03947
0.896479
1.12406
0.818553
0.905617
1.39812
0.843679
1.00859
0.540864
0.761956
1.12684
0.810202
0.941278
1.24144
1.70939
0.805698
1.13821
0.95694
1.97982
0.869717
0.772676
1.66734
1.05876
0.856194
0.989349
1.2488
1.12585
1.14478
1.02387
0.998761
1.25027
1.07917
0.867838
0.700671
0.915223
1.46659
1.1784
1.20371
1.65646
0.602478
1.15614
1.45606
0.892116
0.719809
1.04549
1.06744
0.827948
1.04413
1.04457
0.97959
0.847399
0.770685
1.13523
0.808819
0.805474
1.628
0.876276
0.767495
1.13656
1.35772
1.25814
0.846857
1.71942
0.708289
0.476724
0.760777
1.58769
0.606715
0.865424
0.387314
0.786142
1.12218
0.656316
1.77036
0.808677
0.465776
1.01183
0.669767
0.733489
1.16392
0.521458
0.773806
0.708358
0.558154
0.728775
1.3417
1.26467
0.898469
0.838344
0.791666
1.78325
0.594392
1.01924
1.4013
1.05926
1.85011
1.11105
0.727467
0.520533
0.736165
0.986655
0.977324
0.686483
0.86897
0.713478
0.776777
1.10695
0.930583
0.736882
1.75483
1.44824
0.629789
0.852011
0.592076
0.733814
0.810952
1.65862
0.90593
1.29659
1.2597
0.45193
2.29117
0.756734
0.620762
0.681798
1.06141
0.571734
1.13794
0.826961
1.57967
1.4708
1.07741
1.61078
0.951258
1.04244
0.911904
1.12763
0.697265
0.972765
0.898954
0.959738
0.886122
0.999836
1.0514
0.842864
1.00229
0.480877
1.61191
0.868825
1.18014
0.784261
0.991135
0.63825
0.677115
1.02616
0.863508
1.40886
1.2566
0.962681
0.922921
1.43968
0.862927
0.989583
1.16378
1.05787
0.892365
1.2829
0.865743
1.45181
0.646691
1.02664
1.49547
1.60196
0.540633
1.30732
1.77489
1.03572
0.535382
0.665485
0.984266
1.1208
1.11102
1.23316
1.04463
1.7348
0.413658
0.94136
1.40016
0.758527
0.665814
0.912646
0.796305
1.28022
1.02086
0.613276
1.31211
1.04762
1.14925
1.10686
0.963688
0.798369
0.451424
0.97975
1.24316
0.900104
0.934759
1.31484
0.649664
0.782505
1.10483
0.522331
0.996786
0.610105
0.916228
0.652593
1.20223
0.837566
1.00288
0.879413
1.12744
1.24281
1.35884
1.535
0.809989
1.07774
0.821203
0.91259
1.18663
0.746115
0.795862
0.487579
1.05696
1.03506
1.0713
0.887081
1.29437
0.952176
0.870144
1.08764
1.10087
0.994832
1.07437
0.624578
1.04794
1.53323
1.1077
0.465238
0.618234
1.19804
0.925804
0.843536
1.01071
1.06619
0.439078
0.592212
0.626998
0.808537
0.499404
1.59011
1.5214
1.38646
1.03872
1.06267
1.61305
1.28917
1.12415
1.05673
1.07866
0.614386
0.898241
1.42562
1.49477
0.878529
0.847963
1.40003
1.18128
0.912993
0.77556
0.824979
0.954051
1.32823
1.04304
0.842017
1.32499
1.23915
1.16146
1.73842
0.710141
1.08743
1.02223
1.15413
0.827199
1.23158
0.754985
0.649619
1.03836
0.729028
1.07936
0.712542
0.870202
1.24279
0.959416
0.63208
0.928259
1.33082
1.35155
1.02211
1.06319
0.913473
0.799081
0.876533
1.07069
0.704438
1.78179
1.02072
0.651606
1.25719
0.641596
0.631251
1.25895
1.10109
1.18437
0.973658
0.994534
0.600554
0.512101
1.0261
1.06431
1.07795
0.651983
1.07748
0.983583
0.501705
0.906753
0.82061
1.02354
0.651534
1.13167
0.95474
0.688227
0.569567
1.00246
1.13675
1.83864
1.30274
1.83329
1.32947
0.874529
0.963824
0.822454
0.911144
0.87245
1.10488
1.03369
0.677068
1.10136
1.25221
0.928921
1.07907
1.02041
0.842288
0.871308
0.793378
1.23143
0.690475
0.715132
0.643032
0.359653
0.864893
0.480739
0.937928
0.633355
1.29841
1.49073
1.02475
0.837116
0.781323
0.849755
0.985449
1.33698
0.898631
0.746535
0.934042
0.880987
0.933661
1.16509
0.681838
1.52492
1.02489
1.00074
0.899314
0.868928
1.06055
0.892061
0.825417
0.881228
1.08888
0.737631
0.61923
1.03432
0.800216
1.27892
0.863118
0.583874
0.714643
0.835207
0.712439
0.974423
1.30984
0.943917
1.04884
0.988316
1.77682
0.920012
0.809439
0.67968
0.79013
1.08546
1.12285
1.17988
0.934614
0.760213
1.73743
0.608694
1.07026
1.00753
1.09936
0.580314
1.05598
0.927245
1.18736
0.818437
0.968936
1.07184
0.849686
1.338
1.05869
1.70572
0.538032
1.00125
1.16055
0.753244
1.30327
0.923801
1.37163
0.797467
0.859952
0.693397
1.01495
0.549752
1.07931
1.13358
0.36048
1.26938
1.15055
0.7917
1.00414
0.755058
1.05313
1.44601
0.972434
0.808108
0.775753
0.910772
0.697916
0.897906
0.645789
1.20916
0.850795
1.06058
1.17835
0.715792
1.40954
0.80553
1.10955
0.90008
1.14416
1.03701
0.621698
0.734225
1.55053
0.867253
0.805197
0.777631
1.23559
0.716338
1.24141
1.03329
0.436938
0.801603
0.717317
1.59691
1.07768
0.648696
1.49561
1.51938
1.08764
1.10557
0.919501
1.17578
1.15172
0.960668
0.703018
0.85804
1.34857
1.11864
1.16431
0.569827
0.832938
0.774044
0.852719
0.580114
1.68495
0.868186
1.25551
0.415606
0.672272
1.029
1.32376
1.46102
0.954798
0.430379
0.748683
1.46189
1.22296
0.903346
1.15411
0.890541
0.652771
0.628319
0.961346
1.09349
1.13767
0.858453
1.14898
1.45698
1.785
0.988137
1.10088
1.17694
1.12889
1.09719
1.44817
0.636433
1.36446
1.26438
1.50479
1.0225
1.0691
0.493375
1.01271
1.52387
0.881534
0.468578
1.43805
0.646507
1.21484
0.927643
1.1642
0.501377
1.38915
1.00567
1.53258
1.05258
0.680533
0.81888
0.989378
0.721685
0.947214
0.521787
1.9644
0.731569
0.778649
1.30273
1.55456
0.688719
0.750916
1.32254
1.25923
0.675842
1.11736
0.979494
0.860143
0.81872
1.58487
1.27252
1.25195
0.818581
0.681649
1.31463
1.38847
0.623837
0.837829
0.895263
0.767422
0.684841
1.66708
1.02834
0.721583
0.963691
0.962475
1.27031
0.945933
1.05236
1.38855
1.10513
0.916649
0.917465
1.30741
0.870345
0.739584
1.27265
0.561595
1.20795
0.842067
0.525415
1.22618
0.745462
1.14298
0.65375
0.844257
1.17297
0.552522
1.01754
0.780082
1.03977
0.805534
0.986929
1.22266
1.20171
0.744494
1.5164
1.41391
1.38949
0.714238
1.73231
1.34552
0.820196
0.85076
1.4119
0.791094
0.601012
1.40696
0.966188
1.21833
0.751472
0.959716
0.974051
1.14007
0.854429
0.556126
0.660588
0.952068
0.990437
1.12599
1.20588
0.968751
1.02027
1.46801
0.916778
1.24248
0.638857
1.43863
0.980053
0.906905
1.15158
0.633213
0.991629
0.979219
0.764086
0.921426
0.752638
0.910732
0.71339
0.723547
0.704354
0.671855
1.53601
0.832505
1.07565
0.803203
1.35816
1.2849
0.640313
1.72016
1.54399
0.816751
0.980017
1.54467
1.1452
1.04411
1.71345
1.28544
0.60532
1.29525
1.09338
0.734652
0.632508
1.08163
0.928374
1.1653
1.37039
0.74797
1.17937
1.63084
0.696554
1.24509
0.641111
0.948808
0.499497
0.957935
0.82361
0.445283
0.867108
1.10376
1.03023
1.24156
1.10332
0.820725
0.994914
1.15151
0.758568
1.91458
0.978315
0.637405
1.61664
0.779592
0.702194
1.22072
0.947527
1.6097
1.14742
0.885902
1.01096
1.03369
0.856663
1.1808
0.975008
1.36014
1.40477
1.45046
1.2707
0.99373
0.898813
1.53083
1.27038
1.25134
1.02983
1.18164
1.38978
0.85294
0.852424
1.34969
0.674844
1.37962
0.73837
0.609507
0.960605
0.772525
1.05658
1.6845
0.552299
1.0648
0.662275
0.75014
1.08353
1.11871
0.805582
1.02349
1.15949
1.51238
1.30436
0.799651
0.614081
1.1158
1.27639
0.985358
0.872504
1.02053
0.763741
0.506541
0.656335
1.65494
0.912378
0.804018
1.27543
0.882596
0.704797
0.683786
0.75373
1.44016
1.1952
0.990601
0.775262
0.725089
0.80937
1.42369
0.966725
0.632324
0.953934
0.700502
1.12797
0.880112
1.15705
0.930866
1.24744
1.06565
0.881963
1.16772
0.767175
0.496502
1.65027
0.966589
0.88501
1.50028
0.953346
0.867396
0.67056
1.09148
1.0328
1.0027
1.82671
1.17331
0.677047
0.886221
1.45074
1.30312
0.604992
1.03352
1.04879
0.945931
0.564469
1.03547
1.29197
1.77538
0.866614
1.33767
1.12905
1.11412
0.995125
1.15723
0.887585
1.33113
0.720398
0.593669
0.741844
1.0866
0.865741
0.400639
1.12766
0.944022
0.619692
0.803219
0.931224
1.0446
0.66708
0.541172
1.97035
0.593524
1.48366
1.3466
0.647714
1.13886
0.86499
1.03457
0.737869
0.880631
0.726118
0.631552
0.646527
0.957793
1.30416
1.34994
0.219355
1.1027
0.900731
0.500708
1.04688
0.61147
0.59911
0.634729
0.927249
0.824434
1.13833
0.863901
0.670909
1.69932
0.666356
1.4794
0.809768
1.09282
1.18291
1.45718
0.652753
1.70173
1.19611
1.55635
0.872291
1.10432
0.645512
0.760392
1.16601
1.3355
0.628675
1.47227
0.794431
1.0652
1.21011
0.762563
0.28209
1.2832
1.46639
1.08659
1.06241
0.771699
0.589386
1.23574
0.764506
0.931389
0.460228
0.564679
0.807703
0.906294
0.811765
0.63778
1.20428
0.739474
0.799323
1.68808
1.17946
1.59971
0.647518
0.998857
0.608617
0.577693
1.18055
0.414992
0.895474
0.761099
1.1991
0.75962
1.0689
0.834609
1.66644
1.81517
1.19833
0.62525
0.841383
1.05294
1.03056
0.62859
1.19402
1.63183
0.808392
1.12024
1.19046
0.8949
1.20661
0.474384
0.929437
1.04449
0.865587
0.508249
1.19548
1.39226
0.689301
1.02009
0.71467
0.761517
0.709617
0.671732
1.03346
0.698628
1.25065
1.02182
0.762589
0.449206
0.686618
0.941027
1.1031
1.18705
0.734105
0.898616
0.480456
0.958246
0.603075
1.35704
1.06402
1.10783
1.27364
1.51925
1.23991
1.82175
0.720859
1.06578
1.48313
1.0953
0.902896
0.614544
1.01639
1.37757
0.766353
1.56174
1.0732
1.05709
0.825381
0.933676
1.40576
0.708401
0.84319
0.371775
0.949996
0.663139
0.914495
1.04261
0.739952
0.554426
1.35013
1.0053
1.49091
0.930683
0.879108
1.2147
0.636342
1.11976
0.865789
0.985597
1.12101
0.754984
0.553908
1.14231
1.33144
0.903015
0.555822
0.612636
1.08189
0.778339
0.872494
0.801054
0.661916
0.67122
0.988236
1.00222
1.39955
0.865017
0.774702
0.694647
1.43204
1.09494
1.2055
1.49638
0.862819
0.405919
1.10185
0.633737
1.07639
0.933222
0.640649
1.09105
0.907206
0.712072
1.03691
0.854414
0.702471
0.873529
1.04981
1.05602
0.814343
1.21894
0.805493
0.824387
1.53337
1.01007
0.411105
0.944821
1.21047
1.50197
0.774746
0.910064
1.09226
1.1453
0.892259
1.06759
0.891102
0.887773
1.07188
0.703396
0.396401
0.535487
1.16951
1.83478
1.14529
0.666302
1.19281
0.648867
1.62023
0.989409
1.31642
0.999196
1.80385
0.940332
0.688796
0.984577
1.01688
0.911898
1.05032
1.10165
0.710626
0.892148
1.26706
0.889933
1.46887
0.846644
1.5977
0.993409
0.743729
0.351217
1.26699
0.814693
0.865003
0.995214
0.922418
1.07565
0.927135
1.01965
0.736478
0.946019
0.760279
1.2811
0.53384
1.22189
0.392457
1.37748
1.50313
1.76335
1.31534
0.936572
0.605572
0.595068
1.24547
1.07285
1.03107
0.977999
0.912986
1.29721
1.44889
0.993633
1.21751
0.835954
1.11005
1.34331
0.468424
0.790923
1.13582
1.08679
1.24013
1.13789
0.711943
0.827463
0.956467
0.65986
1.29339
0.867808
0.743334
1.24776
0.638255
0.723512
1.67004
0.579076
1.16691
0.826071
0.623256
1.62114
0.279842
1.29592
0.890952
1.07843
0.872099
1.24949
0.796546
1.22293
1.00075
1.14963
0.750017
1.25919
1.22582
0.965341
0.647838
0.574878
1.18345
0.485125
0.707906
1.00507
1.16592
0.910753
0.713098
0.945973
1.30207
0.754122
1.7327
1.09315
1.06175
2.08842
1.38423
1.74018
1.35118
1.53833
0.887987
0.703638
1.15698
0.976525
1.2201
0.803479
0.632381
0.971764
0.521981
0.914779
0.773177
0.54963
0.812552
0.59727
1.61936
1.07177
1.32498
0.318715
1.2435
0.707434
0.719536
0.633278
1.27377
0.617806
1.28672
0.995647
1.31292
0.709827
0.636182
1.4234
0.649514
1.18
0.654286
0.767535
1.14187
0.465259
0.979382
0.938969
0.911539
0.347001
0.798413
1.46012
1.15582
0.742082
1.44002
1.4069
0.813451
1.27365
1.08808
0.361104
0.827791
0.656291
1.09814
1.20695
1.05647
1.10818
0.705623
0.89567
1.28892
1.00746
1.07299
1.29592
1.18779
0.582151
0.987503
0.676251
0.527077
0.809121
1.02359
0.883948
0.721774
0.768382
1.19275
0.814588
0.751888
0.571028
0.876305
0.650998
0.572324
1.60049
0.909553
0.878355
1.5273
1.04993
1.3901
0.873794
1.35592
1.16991
1.10041
0.647807
0.644308
1.56701
0.566655
0.902565
1.15114
0.932672
0.878042
1.15913
0.986923
1.12375
0.774884
0.928561
0.986967
1.47536
0.867312
0.864009
0.506032
1.16804
1.17572
1.12699
0.52738
0.713987
0.748367
1.63745
0.507297
0.899142
0.984126
0.796282
0.800951
1.1785
1.01222
0.840371
0.909689
0.549541
0.700347
0.861972
0.447552
1.16763
1.09737
0.621955
0.682443
0.839123
0.782818
0.593149
1.51291
1.14836
1.33821
0.514732
1.35538
2.16123
1.27774
0.81287
1.93362
1.14874
0.625829
0.999949
1.52029
0.858617
1.07109
1.7314
0.98952
0.525307
0.753398
0.808166
1.3366
0.881302
0.899171
0.928191
1.07587
1.1003
0.934187
1.11958
0.942037
0.969907
0.843729
1.40842
0.817451
1.47076
0.849725
0.972085
1.43161
0.953496
1.26224
1.54071
1.03809
0.825089
1.4353
1.17489
0.910282
1.49375
0.762383
1.03702
1.29014
0.704517
1.19408
0.682571
0.926467
0.692168
0.838702
1.29569
0.655626
1.27306
1.36727
0.729709
0.781305
0.957459
1.18903
0.91186
1.57319
0.716073
0.704598
0.790387
0.506951
0.759861
0.76196
1.1976
0.86114
0.845928
1.61322
1.80684
1.16587
0.558531
0.910101
0.981689
0.746401
1.4945
2.01194
1.36938
0.859817
0.891608
0.725807
1.23706
0.969587
0.636902
0.580811
1.36752
1.21854
0.991311
0.92037
1.04445
0.730029
0.939992
0.89722
1.64288
0.841902
1.06541
0.703822
1.49049
1.11269
1.067
0.934126
1.27929
1.02428
1.11702
1.38244
1.32802
1.20498
0.417477
0.697121
1.00288
0.683404
1.67618
0.476727
0.852724
1.0174
0.92818
0.509715
0.963562
1.0885
0.90077
1.15131
0.831412
1.25231
1.16579
0.903601
0.939992
0.856355
1.14472
0.620708
0.882437
0.891287
0.765943
0.550598
1.49031
1.01176
1.32275
1.30753
0.655369
0.720832
1.06595
1.08959
0.769485
1.12125
0.902125
0.770421
1.04493
0.772895
0.993612
1.05722
0.921766
1.13297
0.830621
0.990271
0.87613
1.30967
1.05355
0.831464
1.3483
0.867021
1.10373
1.22329
1.01535
1.27762
0.875858
1.33008
1.37925
0.811994
0.47382
1.0209
1.35031
0.891405
1.14141
1.81043
0.887998
0.807892
1.72529
0.914325
1.36579
1.55823
1.19097
0.64107
0.980174
1.50235
0.618298
1.08633
1.1143
0.637869
0.581224
0.839605
0.751129
0.925831
0.581543
0.870446
0.494955
0.621627
1.04693
0.63225
0.974427
1.18123
0.822722
0.920072
0.746128
0.967501
1.25456
0.415561
1.28315
0.830732
1.80595
1.65622
0.773924
0.671538
0.695164
1.11274
1.39135
0.757838
2.47863
1.3046
0.912323
0.982336
1.08928
0.769155
1.1528
1.41533
1.00969
1.95923
0.697585
1.20341
0.775979
1.12159
0.476392
1.17044
0.373052
0.998487
1.04354
1.10754
1.13308
1.04964
1.237
1.38499
0.822828
1.12749
1.09792
1.19716
0.568869
0.768851
1.17468
1.21059
1.30002
0.929416
1.27336
0.90757
1.03573
1.5368
0.649387
1.35384
0.840965
0.675412
1.31726
1.33778
1.13204
1.08542
1.04237
1.70987
1.28286
1.02388
0.699295
1.74175
1.16721
0.835883
0.424257
1.13045
1.14704
1.41091
0.716657
1.14206
1.2783
0.930218
1.31576
0.694959
0.58943
0.885405
0.920452
1.39946
0.866073
0.658895
0.792284
1.34209
1.14839
0.866666
1.04404
0.826198
1.25071
1.94083
0.722757
1.21454
0.589172
0.955714
0.944389
1.60189
0.881043
1.01419
0.778328
1.31311
0.874595
0.94781
0.922805
1.31388
1.22393
1.02449
1.12883
1.22731
0.959644
0.644654
0.896621
1.23299
0.919724
0.826016
0.6395
1.28837
1.38327
0.927744
0.891622
1.05516
0.753637
0.716084
1.40857
0.933374
1.23659
0.832354
0.443329
1.50437
0.588858
0.91685
0.909527
0.89867
0.960485
0.727347
0.852416
0.822987
0.970162
1.06557
0.638541
0.847291
0.933203
0.958061
1.5818
0.460451
1.17357
0.885301
0.421676
0.564592
1.01825
1.48088
1.5731
0.840836
1.63396
1.56057
0.861799
0.974559
1.31818
0.708559
0.917169
1.40149
0.526936
1.28573
1.0933
0.538924
1.33887
1.01924
0.924328
1.06411
0.578701
1.39927
0.650156
1.2792
0.831461
1.05974
1.23675
0.929585
1.45489
1.12935
1.10399
0.744797
0.497951
2.0312
1.13141
0.807179
1.06471
0.681281
0.564047
0.655889
1.41569
0.798655
0.684363
0.813446
0.659734
1.54565
0.949195
1.14888
1.5546
1.17299
1.02585
0.606878
1.13128
0.862091
0.600402
1.68112
1.05455
0.89426
1.10663
1.40963
1.0505
0.841175
1.01932
0.947451
0.904466
0.548479
0.572287
1.4039
0.710211
1.00213
0.536421
1.52314
0.800597
0.911907
0.851085
0.691778
0.956095
0.803361
0.851679
0.939025
0.662923
1.01643
1.44564
0.676377
1.16843
0.634416
1.23325
0.688847
1.20476
0.818701
0.529532
0.959595
1.175
1.45812
1.60161
0.697276
0.966321
1.01785
1.48241
1.64191
1.32572
0.910573
0.772246
1.16571
0.849364
2.23376
0.8443
1.07421
0.928009
1.40275
0.952843
0.813422
1.42239
1.18193
0.728739
0.725228
0.739644
0.944587
0.637797
1.02778
0.593803
0.732468
1.09194
1.24393
0.891874
0.58207
1.22063
1.18256
0.645691
0.662028
1.14097
0.585891
1.28335
0.604236
1.44053
1.15984
0.933087
1.18873
0.730284
1.04511
0.754298
1.49898
1.03847
1.06212
0.747736
0.979173
0.626852
0.962893
0.823368
0.986456
0.849695
0.854891
0.795428
1.42214
0.691834
1.59337
1.19878
0.832294
1.34821
1.38109
1.3596
1.29044
0.863295
0.682225
1.78911
1.15834
1.47369
1.23045
0.639127
0.349597
0.94354
1.00602
1.05476
1.26702
1.11396
1.36142
0.56519
0.935106
0.907441
0.836254
1.3594
1.32128
1.05656
0.86481
0.870261
1.10142
0.8403
1.054
1.23839
1.1338
0.328704
1.26969
1.19519
1.39723
1.90243
0.762725
1.06872
1.16124
0.675034
1.59426
0.725916
0.754365
0.845154
0.869399
0.357876
1.00384
1.02039
0.954912
0.391686
1.23558
0.604477
0.825791
0.550053
1.45088
0.94881
0.687482
1.40716
1.21835
1.53546
0.495713
1.37522
0.699029
0.945338
0.914571
1.62779
1.56245
0.552468
1.26466
1.0369
0.586902
0.808408
0.767904
0.845455
1.36703
1.277
0.533465
0.410769
0.451976
0.967026
1.53664
1.16639
0.38194
0.745358
0.663563
0.833656
1.4562
0.904148
1.25921
1.20824
0.914356
0.806842
1.02026
0.635961
1.795
1.03598
1.1026
0.874664
0.795093
1.04301
1.42941
0.760278
1.08876
1.17625
1.05805
1.43382
0.624764
1.16337
0.801289
1.31678
1.12274
1.09401
0.993223
0.793421
1.42702
0.769055
0.745435
1.21637
0.900386
0.803759
1.03651
0.672111
0.517128
1.17615
0.657363
0.962063
1.04065
1.31672
1.34356
0.972656
1.10013
1.20833
1.3523
0.538333
0.659595
0.915446
0.801945
0.508028
0.69926
0.563238
0.923708
1.23831
1.10571
1.05771
1.63425
1.31749
1.13248
1.50125
0.984862
0.904134
0.83584
1.05263
0.802637
0.980975
0.355497
1.30425
0.937904
0.877109
0.696331
0.792309
1.52521
1.28751
1.61632
1.18425
1.02288
0.701295
1.03504
1.78137
1.49023
1.20723
1.39041
0.601395
0.79313
0.856046
1.18179
1.55224
0.826898
0.839554
0.916091
1.0525
0.858606
1.00942
1.39341
1.31207
0.906163
0.814806
0.714645
0.641268
0.625799
1.22619
1.19342
1.16767
1.18675
1.09723
1.08051
0.55261
0.735248
1.01746
1.40457
0.7837
0.849827
0.698982
0.934104
0.811424
1.2433
0.944391
0.944077
1.11885
0.392641
0.870156
0.857338
0.543196
0.903722
1.62686
0.926052
1.33225
0.489442
0.922789
0.714256
0.561021
0.952959
0.731326
0.755452
1.47985
1.03865
1.04547
0.613173
